
# Surface 0 of 1 surfaces

# Curve title: "f(x,y)"

# Contour 0, label:        0
 0.0777905  0.00565283  0 
 0.0788751  0.0058029  0 
 0.079798  0.00592739  0 
 0.0799637  0.00595298  0 
 0.0809513  0.00610305  0 
 0.0819635  0.00625313  0 
 0.0830013  0.0064032  0 
 0.0838384  0.00652154  0 
 0.0840357  0.00655328  0 
 0.0849829  0.00670335  0 
 0.0859516  0.00685343  0 
 0.0869426  0.0070035  0 
 0.0878788  0.00714219  0 
 0.0879467  0.00715358  0 
 0.0888536  0.00730365  0 
 0.0897794  0.00745373  0 
 0.0907246  0.0076038  0 
 0.0916897  0.00775388  0 
 0.0919192  0.00778906  0 
 0.0925846  0.00790395  0 
 0.0934688  0.00805403  0 
 0.0943699  0.0082041  0 
 0.0952885  0.00835418  0 
 0.0959596  0.00846199  0 
 0.0961944  0.00850425  0 
 0.0970387  0.00865433  0 
 0.0978979  0.0088044  0 
 0.0987723  0.00895448  0 
 0.0996623  0.00910455  0 
 0.1  0.00916075  0 

-0.00599917  0.00595298  0 
-0.00584623  0.0058029  0 
-0.00569313  0.00565283  0 
-0.00553986  0.00550275  0 
-0.00538641  0.00535268  0 
-0.00523276  0.0052026  0 
-0.00507889  0.00505253  0 
-0.00505051  0.00502418  0 
-0.00492794  0.00490245  0 
-0.00477767  0.00475238  0 
-0.00462738  0.0046023  0 
-0.00447709  0.00445223  0 
-0.00432677  0.00430215  0 
-0.00417644  0.00415208  0 
-0.0040261  0.004002  0 
-0.00387572  0.00385193  0 
-0.00372533  0.00370185  0 
-0.00357491  0.00355178  0 
-0.00342445  0.0034017  0 
-0.00327396  0.00325163  0 
-0.00312343  0.00310155  0 
-0.00297286  0.00295148  0 
-0.00282223  0.0028014  0 
-0.00267153  0.00265133  0 
-0.00252077  0.00250125  0 
-0.00236991  0.00235118  0 
-0.00221894  0.0022011  0 
-0.00206784  0.00205103  0 
-0.00191658  0.00190095  0 
-0.0017651  0.00175088  0 
-0.00161336  0.0016008  0 
-0.00146127  0.00145073  0 
-0.0013087  0.00130065  0 
-0.00115547  0.00115058  0 
-0.0010101  0.00100802  0 
-0.00100147  0.0010005  0 
-0.000850295  0.000850425  0 
-0.000698646  0.00070035  0 
-0.000546126  0.000550275  0 
-0.00039174  0.0004002  0 
-0.000232028  0.000250125  0 
-4.11843e-05  0.00010005  0 
 0.0030303  7.40878e-06  0 
 0.00707071  4.89408e-05  0 
 0.00946557  0.00010005  0 
 0.0111111  0.000121868  0 
 0.0151515  0.000225997  0 
 0.0157373  0.000250125  0 
 0.0191919  0.000361303  0 
 0.0200012  0.0004002  0 
 0.0232323  0.000527633  0 
 0.0236329  0.000550275  0 
 0.0267019  0.00070035  0 
 0.0272727  0.000724447  0 
 0.0293742  0.000850425  0 
 0.0313131  0.000951444  0 
 0.0320093  0.0010005  0 
 0.0343536  0.00115058  0 
 0.0353535  0.00120842  0 
 0.0365585  0.00130065  0 
 0.0387086  0.00145073  0 
 0.0393939  0.00149503  0 
 0.0406591  0.0016008  0 
 0.0426025  0.00175088  0 
 0.0434343  0.00181091  0 
 0.0444199  0.00190095  0 
 0.0461686  0.00205103  0 
 0.0474747  0.00215585  0 
 0.047929  0.0022011  0 
 0.0495036  0.00235118  0 
 0.0511848  0.00250125  0 
 0.0515152  0.00252954  0 
 0.0526749  0.00265133  0 
 0.0541788  0.0028014  0 
 0.0555556  0.00293167  0 
 0.0557291  0.00295148  0 
 0.0570832  0.00310155  0 
 0.0585047  0.00325163  0 
 0.059596  0.00336195  0 
 0.0599255  0.0034017  0 
 0.0612054  0.00355178  0 
 0.0625411  0.00370185  0 
 0.0636364  0.0038202  0 
 0.063885  0.00385193  0 
 0.06509  0.004002  0 
 0.0663414  0.00415208  0 
 0.0676414  0.00430215  0 
 0.0676768  0.00430614  0 
 0.0687795  0.00445223  0 
 0.0699506  0.0046023  0 
 0.071162  0.00475238  0 
 0.0717172  0.00481941  0 
 0.0723092  0.00490245  0 
 0.0734053  0.00505253  0 
 0.0745351  0.0052026  0 
 0.0757  0.00535268  0 
 0.0757576  0.00535997  0 
 0.0767352  0.00550275  0 
 0.0777905  0.00565283  0 

-0.0206516  0.0202101  0 
-0.0204962  0.02006  0 
-0.0203408  0.01991  0 
-0.0201853  0.0197599  0 
-0.0200296  0.0196098  0 
-0.0198739  0.0194597  0 
-0.0197181  0.0193097  0 
-0.0195622  0.0191596  0 
-0.0194062  0.0190095  0 
-0.0192501  0.0188594  0 
-0.0190939  0.0187094  0 
-0.0189376  0.0185593  0 
-0.0187812  0.0184092  0 
-0.0186247  0.0182591  0 
-0.0184681  0.0181091  0 
-0.0183113  0.017959  0 
-0.0181544  0.0178089  0 
-0.0179974  0.0176588  0 
-0.0178403  0.0175088  0 
-0.017683  0.0173587  0 
-0.0175257  0.0172086  0 
-0.0173681  0.0170585  0 
-0.0172105  0.0169085  0 
-0.0171717  0.0168714  0 
-0.0170557  0.0167584  0 
-0.0169019  0.0166083  0 
-0.016748  0.0164582  0 
-0.0165941  0.0163082  0 
-0.0164401  0.0161581  0 
-0.016286  0.016008  0 
-0.0161318  0.0158579  0 
-0.0159775  0.0157079  0 
-0.0158232  0.0155578  0 
-0.0156688  0.0154077  0 
-0.0155142  0.0152576  0 
-0.0153596  0.0151076  0 
-0.0152049  0.0149575  0 
-0.0150501  0.0148074  0 
-0.0148952  0.0146573  0 
-0.0147402  0.0145073  0 
-0.014585  0.0143572  0 
-0.0144298  0.0142071  0 
-0.0142744  0.014057  0 
-0.014119  0.013907  0 
-0.0139634  0.0137569  0 
-0.0138076  0.0136068  0 
-0.0136518  0.0134567  0 
-0.0134958  0.0133067  0 
-0.0133396  0.0131566  0 
-0.0131834  0.0130065  0 
-0.0131313  0.0129562  0 
-0.0130296  0.0128564  0 
-0.0128771  0.0127064  0 
-0.0127245  0.0125563  0 
-0.0125718  0.0124062  0 
-0.0124191  0.0122561  0 
-0.0122663  0.0121061  0 
-0.0121135  0.011956  0 
-0.0119606  0.0118059  0 
-0.0118076  0.0116558  0 
-0.0116545  0.0115058  0 
-0.0115013  0.0113557  0 
-0.0113481  0.0112056  0 
-0.0111947  0.0110555  0 
-0.0110413  0.0109055  0 
-0.0108878  0.0107554  0 
-0.0107342  0.0106053  0 
-0.0105804  0.0104552  0 
-0.0104266  0.0103052  0 
-0.0102726  0.0101551  0 
-0.0101186  0.010005  0 
-0.00996435  0.00985493  0 
-0.00981001  0.00970485  0 
-0.00965554  0.00955478  0 
-0.00950091  0.0094047  0 
-0.00934614  0.00925463  0 
-0.0091912  0.00910455  0 
-0.00909091  0.00900693  0 
-0.00903746  0.00895448  0 
-0.00888615  0.0088044  0 
-0.0087348  0.00865433  0 
-0.0085834  0.00850425  0 
-0.00843196  0.00835418  0 
-0.00828046  0.0082041  0 
-0.00812891  0.00805403  0 
-0.0079773  0.00790395  0 
-0.00782563  0.00775388  0 
-0.0076739  0.0076038  0 
-0.0075221  0.00745373  0 
-0.00737022  0.00730365  0 
-0.00721827  0.00715358  0 
-0.00706624  0.0070035  0 
-0.00691412  0.00685343  0 
-0.0067619  0.00670335  0 
-0.00660959  0.00655328  0 
-0.00645717  0.0064032  0 
-0.00630463  0.00625313  0 
-0.00615197  0.00610305  0 
-0.00599917  0.00595298  0 

-0.0356498  0.0343172  0 
-0.0354878  0.0341671  0 
-0.0353256  0.034017  0 
-0.0351634  0.0338669  0 
-0.035001  0.0337169  0 
-0.0348385  0.0335668  0 
-0.0346759  0.0334167  0 
-0.0345131  0.0332666  0 
-0.0343502  0.0331166  0 
-0.0341872  0.0329665  0 
-0.034024  0.0328164  0 
-0.0338607  0.0326663  0 
-0.0336973  0.0325163  0 
-0.0335337  0.0323662  0 
-0.03337  0.0322161  0 
-0.0333333  0.0321824  0 
-0.0332097  0.032066  0 
-0.0330503  0.031916  0 
-0.0328908  0.0317659  0 
-0.0327312  0.0316158  0 
-0.0325715  0.0314657  0 
-0.0324117  0.0313157  0 
-0.0322518  0.0311656  0 
-0.0320917  0.0310155  0 
-0.0319316  0.0308654  0 
-0.0317714  0.0307154  0 
-0.031611  0.0305653  0 
-0.0314506  0.0304152  0 
-0.03129  0.0302651  0 
-0.0311293  0.0301151  0 
-0.0309685  0.029965  0 
-0.0308076  0.0298149  0 
-0.0306466  0.0296648  0 
-0.0304854  0.0295148  0 
-0.0303241  0.0293647  0 
-0.0301627  0.0292146  0 
-0.0300011  0.0290645  0 
-0.0298394  0.0289145  0 
-0.0296776  0.0287644  0 
-0.0295157  0.0286143  0 
-0.0293536  0.0284642  0 
-0.0292929  0.0284079  0 
-0.0291941  0.0283142  0 
-0.0290362  0.0281641  0 
-0.0288782  0.028014  0 
-0.0287201  0.0278639  0 
-0.0285619  0.0277139  0 
-0.0284036  0.0275638  0 
-0.0282452  0.0274137  0 
-0.0280867  0.0272636  0 
-0.0279281  0.0271136  0 
-0.0277694  0.0269635  0 
-0.0276106  0.0268134  0 
-0.0274517  0.0266633  0 
-0.0272926  0.0265133  0 
-0.0271335  0.0263632  0 
-0.0269743  0.0262131  0 
-0.0268149  0.026063  0 
-0.0266554  0.025913  0 
-0.0264958  0.0257629  0 
-0.0263361  0.0256128  0 
-0.0261763  0.0254627  0 
-0.0260163  0.0253127  0 
-0.0258562  0.0251626  0 
-0.0256959  0.0250125  0 
-0.0255356  0.0248624  0 
-0.0253751  0.0247124  0 
-0.0252525  0.0245977  0 
-0.0252154  0.0245623  0 
-0.025059  0.0244122  0 
-0.0249024  0.0242621  0 
-0.0247458  0.0241121  0 
-0.0245891  0.023962  0 
-0.0244323  0.0238119  0 
-0.0242754  0.0236618  0 
-0.0241184  0.0235118  0 
-0.0239613  0.0233617  0 
-0.0238041  0.0232116  0 
-0.0236468  0.0230615  0 
-0.0234894  0.0229115  0 
-0.0233319  0.0227614  0 
-0.0231743  0.0226113  0 
-0.0230166  0.0224612  0 
-0.0228587  0.0223112  0 
-0.0227008  0.0221611  0 
-0.0225428  0.022011  0 
-0.0223846  0.0218609  0 
-0.0222263  0.0217109  0 
-0.0220679  0.0215608  0 
-0.0219093  0.0214107  0 
-0.0217507  0.0212606  0 
-0.0215919  0.0211106  0 
-0.0214329  0.0209605  0 
-0.0212739  0.0208104  0 
-0.0212121  0.0207519  0 
-0.0211172  0.0206603  0 
-0.0209621  0.0205103  0 
-0.0208069  0.0203602  0 
-0.0206516  0.0202101  0 

-0.0512103  0.0484242  0 
-0.0510409  0.0482741  0 
-0.0508714  0.0481241  0 
-0.0507018  0.047974  0 
-0.050532  0.0478239  0 
-0.050362  0.0476738  0 
-0.0501919  0.0475238  0 
-0.0500217  0.0473737  0 
-0.0498513  0.0472236  0 
-0.0496807  0.0470735  0 
-0.04951  0.0469235  0 
-0.0494949  0.0469102  0 
-0.0493438  0.0467734  0 
-0.0491779  0.0466233  0 
-0.049012  0.0464732  0 
-0.0488458  0.0463232  0 
-0.0486796  0.0461731  0 
-0.0485133  0.046023  0 
-0.0483468  0.0458729  0 
-0.0481802  0.0457229  0 
-0.0480134  0.0455728  0 
-0.0478466  0.0454227  0 
-0.0476796  0.0452726  0 
-0.0475124  0.0451226  0 
-0.0473452  0.0449725  0 
-0.0471778  0.0448224  0 
-0.0470102  0.0446723  0 
-0.0468426  0.0445223  0 
-0.0466748  0.0443722  0 
-0.0465068  0.0442221  0 
-0.0463387  0.044072  0 
-0.0461704  0.043922  0 
-0.0460021  0.0437719  0 
-0.0458335  0.0436218  0 
-0.0456648  0.0434717  0 
-0.045496  0.0433217  0 
-0.0454545  0.0432848  0 
-0.0453307  0.0431716  0 
-0.0451666  0.0430215  0 
-0.0450023  0.0428714  0 
-0.0448379  0.0427214  0 
-0.0446734  0.0425713  0 
-0.0445088  0.0424212  0 
-0.0443441  0.0422711  0 
-0.0441792  0.0421211  0 
-0.0440142  0.041971  0 
-0.0438491  0.0418209  0 
-0.0436839  0.0416708  0 
-0.0435185  0.0415208  0 
-0.0433531  0.0413707  0 
-0.0431874  0.0412206  0 
-0.0430217  0.0410705  0 
-0.0428558  0.0409205  0 
-0.0426898  0.0407704  0 
-0.0425237  0.0406203  0 
-0.0423574  0.0404702  0 
-0.0421909  0.0403202  0 
-0.0420244  0.0401701  0 
-0.0418577  0.04002  0 
-0.0416908  0.0398699  0 
-0.0415238  0.0397199  0 
-0.0414141  0.0396213  0 
-0.0413583  0.0395698  0 
-0.0411958  0.0394197  0 
-0.0410332  0.0392696  0 
-0.0408705  0.0391196  0 
-0.0407077  0.0389695  0 
-0.0405448  0.0388194  0 
-0.0403818  0.0386693  0 
-0.0402187  0.0385193  0 
-0.0400554  0.0383692  0 
-0.039892  0.0382191  0 
-0.0397286  0.038069  0 
-0.0395649  0.037919  0 
-0.0394012  0.0377689  0 
-0.0392373  0.0376188  0 
-0.0390734  0.0374687  0 
-0.0389092  0.0373187  0 
-0.038745  0.0371686  0 
-0.0385806  0.0370185  0 
-0.0384161  0.0368684  0 
-0.0382515  0.0367184  0 
-0.0380867  0.0365683  0 
-0.0379218  0.0364182  0 
-0.0377567  0.0362681  0 
-0.0375915  0.0361181  0 
-0.0374262  0.035968  0 
-0.0373737  0.0359203  0 
-0.0372639  0.0358179  0 
-0.0371029  0.0356678  0 
-0.0369419  0.0355178  0 
-0.0367808  0.0353677  0 
-0.0366195  0.0352176  0 
-0.0364582  0.0350675  0 
-0.0362967  0.0349175  0 
-0.0361352  0.0347674  0 
-0.0359735  0.0346173  0 
-0.0358117  0.0344672  0 
-0.0356498  0.0343172  0 

-0.0674522  0.0625313  0 
-0.0672749  0.0623812  0 
-0.0670974  0.0622311  0 
-0.0669198  0.062081  0 
-0.066742  0.061931  0 
-0.066564  0.0617809  0 
-0.0663858  0.0616308  0 
-0.0662075  0.0614807  0 
-0.066029  0.0613307  0 
-0.0658503  0.0611806  0 
-0.0656714  0.0610305  0 
-0.0656566  0.0610181  0 
-0.0654977  0.0608804  0 
-0.0653243  0.0607304  0 
-0.0651508  0.0605803  0 
-0.0649772  0.0604302  0 
-0.0648034  0.0602801  0 
-0.0646295  0.0601301  0 
-0.0644554  0.05998  0 
-0.0642811  0.0598299  0 
-0.0641067  0.0596798  0 
-0.0639322  0.0595298  0 
-0.0637575  0.0593797  0 
-0.0635826  0.0592296  0 
-0.0634076  0.0590795  0 
-0.0632324  0.0589295  0 
-0.0630571  0.0587794  0 
-0.0628816  0.0586293  0 
-0.0627059  0.0584792  0 
-0.0625301  0.0583292  0 
-0.0623541  0.0581791  0 
-0.0621779  0.058029  0 
-0.0620016  0.0578789  0 
-0.061825  0.0577289  0 
-0.0616483  0.0575788  0 
-0.0616162  0.0575514  0 
-0.0614761  0.0574287  0 
-0.0613047  0.0572786  0 
-0.0611332  0.0571286  0 
-0.0609616  0.0569785  0 
-0.0607898  0.0568284  0 
-0.0606179  0.0566783  0 
-0.0604459  0.0565283  0 
-0.0602736  0.0563782  0 
-0.0601013  0.0562281  0 
-0.0599288  0.056078  0 
-0.0597562  0.055928  0 
-0.0595834  0.0557779  0 
-0.0594104  0.0556278  0 
-0.0592373  0.0554777  0 
-0.0590641  0.0553277  0 
-0.0588906  0.0551776  0 
-0.0587171  0.0550275  0 
-0.0585433  0.0548774  0 
-0.0583695  0.0547274  0 
-0.0581954  0.0545773  0 
-0.0580212  0.0544272  0 
-0.0578468  0.0542771  0 
-0.0576722  0.0541271  0 
-0.0575758  0.0540441  0 
-0.0575  0.053977  0 
-0.0573306  0.0538269  0 
-0.057161  0.0536768  0 
-0.0569914  0.0535268  0 
-0.0568215  0.0533767  0 
-0.0566516  0.0532266  0 
-0.0564815  0.0530765  0 
-0.0563113  0.0529265  0 
-0.056141  0.0527764  0 
-0.0559705  0.0526263  0 
-0.0557999  0.0524762  0 
-0.0556291  0.0523262  0 
-0.0554582  0.0521761  0 
-0.0552871  0.052026  0 
-0.0551159  0.0518759  0 
-0.0549445  0.0517259  0 
-0.054773  0.0515758  0 
-0.0546013  0.0514257  0 
-0.0544295  0.0512756  0 
-0.0542575  0.0511256  0 
-0.0540854  0.0509755  0 
-0.0539131  0.0508254  0 
-0.0537407  0.0506753  0 
-0.053568  0.0505253  0 
-0.0535354  0.0504968  0 
-0.0533995  0.0503752  0 
-0.0532319  0.0502251  0 
-0.0530642  0.050075  0 
-0.0528963  0.049925  0 
-0.0527283  0.0497749  0 
-0.0525602  0.0496248  0 
-0.0523919  0.0494747  0 
-0.0522235  0.0493247  0 
-0.052055  0.0491746  0 
-0.0518863  0.0490245  0 
-0.0517175  0.0488744  0 
-0.0515486  0.0487244  0 
-0.0513795  0.0485743  0 
-0.0512103  0.0484242  0 

-0.0845318  0.0766383  0 
-0.0843459  0.0764882  0 
-0.0841599  0.0763382  0 
-0.0839737  0.0761881  0 
-0.0837873  0.076038  0 
-0.0836007  0.0758879  0 
-0.0834138  0.0757379  0 
-0.0832268  0.0755878  0 
-0.0830396  0.0754377  0 
-0.0828522  0.0752876  0 
-0.0826645  0.0751376  0 
-0.0824767  0.0749875  0 
-0.0822887  0.0748374  0 
-0.0821004  0.0746873  0 
-0.0819119  0.0745373  0 
-0.0818182  0.0744626  0 
-0.0817266  0.0743872  0 
-0.0815445  0.0742371  0 
-0.0813622  0.074087  0 
-0.0811798  0.073937  0 
-0.0809971  0.0737869  0 
-0.0808143  0.0736368  0 
-0.0806313  0.0734867  0 
-0.0804481  0.0733367  0 
-0.0802648  0.0731866  0 
-0.0800812  0.0730365  0 
-0.0798975  0.0728864  0 
-0.0797135  0.0727364  0 
-0.0795294  0.0725863  0 
-0.0793451  0.0724362  0 
-0.0791606  0.0722861  0 
-0.0789759  0.0721361  0 
-0.078791  0.071986  0 
-0.078606  0.0718359  0 
-0.0784207  0.0716858  0 
-0.0782352  0.0715358  0 
-0.0780495  0.0713857  0 
-0.0778636  0.0712356  0 
-0.0777778  0.0711663  0 
-0.077681  0.0710855  0 
-0.0775012  0.0709355  0 
-0.0773213  0.0707854  0 
-0.0771412  0.0706353  0 
-0.0769609  0.0704852  0 
-0.0767805  0.0703352  0 
-0.0765999  0.0701851  0 
-0.0764191  0.070035  0 
-0.0762381  0.0698849  0 
-0.076057  0.0697349  0 
-0.0758757  0.0695848  0 
-0.0756942  0.0694347  0 
-0.0755125  0.0692846  0 
-0.0753307  0.0691346  0 
-0.0751486  0.0689845  0 
-0.0749664  0.0688344  0 
-0.074784  0.0686843  0 
-0.0746014  0.0685343  0 
-0.0744186  0.0683842  0 
-0.0742356  0.0682341  0 
-0.0740524  0.068084  0 
-0.073869  0.067934  0 
-0.0737374  0.0678262  0 
-0.0736872  0.0677839  0 
-0.0735097  0.0676338  0 
-0.0733321  0.0674837  0 
-0.0731543  0.0673337  0 
-0.0729764  0.0671836  0 
-0.0727982  0.0670335  0 
-0.07262  0.0668834  0 
-0.0724415  0.0667334  0 
-0.0722629  0.0665833  0 
-0.0720841  0.0664332  0 
-0.0719052  0.0662831  0 
-0.0717261  0.0661331  0 
-0.0715468  0.065983  0 
-0.0713673  0.0658329  0 
-0.0711877  0.0656828  0 
-0.0710078  0.0655328  0 
-0.0708278  0.0653827  0 
-0.0706477  0.0652326  0 
-0.0704673  0.0650825  0 
-0.0702868  0.0649325  0 
-0.070106  0.0647824  0 
-0.0699251  0.0646323  0 
-0.069744  0.0644822  0 
-0.069697  0.0644432  0 
-0.0695672  0.0643322  0 
-0.0693918  0.0641821  0 
-0.0692163  0.064032  0 
-0.0690406  0.0638819  0 
-0.0688647  0.0637319  0 
-0.0686887  0.0635818  0 
-0.0685125  0.0634317  0 
-0.0683362  0.0632816  0 
-0.0681597  0.0631316  0 
-0.0679831  0.0629815  0 
-0.0678063  0.0628314  0 
-0.0676293  0.0626813  0 
-0.0674522  0.0625313  0 

-0.102481  0.0905953  0 
-0.102278  0.0904452  0 
-0.102074  0.0902951  0 
-0.10202  0.0902553  0 
-0.101876  0.0901451  0 
-0.101681  0.089995  0 
-0.101485  0.0898449  0 
-0.101288  0.0896948  0 
-0.101092  0.0895448  0 
-0.100895  0.0893947  0 
-0.100698  0.0892446  0 
-0.100501  0.0890945  0 
-0.100304  0.0889445  0 
-0.100106  0.0887944  0 
-0.099908  0.0886443  0 
-0.0997099  0.0884942  0 
-0.0995115  0.0883442  0 
-0.0993128  0.0881941  0 
-0.0991139  0.088044  0 
-0.0989148  0.0878939  0 
-0.0987153  0.0877439  0 
-0.0985157  0.0875938  0 
-0.0983157  0.0874437  0 
-0.0981155  0.0872936  0 
-0.0979798  0.0871919  0 
-0.0979177  0.0871436  0 
-0.097725  0.0869935  0 
-0.0975321  0.0868434  0 
-0.097339  0.0866933  0 
-0.0971456  0.0865433  0 
-0.0969521  0.0863932  0 
-0.0967583  0.0862431  0 
-0.0965643  0.086093  0 
-0.0963701  0.085943  0 
-0.0961756  0.0857929  0 
-0.0959809  0.0856428  0 
-0.095786  0.0854927  0 
-0.0955908  0.0853427  0 
-0.0953954  0.0851926  0 
-0.0951998  0.0850425  0 
-0.095004  0.0848924  0 
-0.0948079  0.0847424  0 
-0.0946115  0.0845923  0 
-0.0944149  0.0844422  0 
-0.0942181  0.0842921  0 
-0.094021  0.0841421  0 
-0.0939394  0.0840799  0 
-0.0938282  0.083992  0 
-0.0936383  0.0838419  0 
-0.0934482  0.0836918  0 
-0.0932579  0.0835418  0 
-0.0930674  0.0833917  0 
-0.0928767  0.0832416  0 
-0.0926857  0.0830915  0 
-0.0924946  0.0829415  0 
-0.0923033  0.0827914  0 
-0.0921117  0.0826413  0 
-0.0919199  0.0824912  0 
-0.0917279  0.0823412  0 
-0.0915357  0.0821911  0 
-0.0913432  0.082041  0 
-0.0911505  0.0818909  0 
-0.0909576  0.0817409  0 
-0.0907645  0.0815908  0 
-0.0905711  0.0814407  0 
-0.0903776  0.0812906  0 
-0.0901837  0.0811406  0 
-0.0899897  0.0809905  0 
-0.089899  0.0809204  0 
-0.0897993  0.0808404  0 
-0.0896121  0.0806903  0 
-0.0894248  0.0805403  0 
-0.0892372  0.0803902  0 
-0.0890495  0.0802401  0 
-0.0888615  0.08009  0 
-0.0886734  0.07994  0 
-0.088485  0.0797899  0 
-0.0882965  0.0796398  0 
-0.0881077  0.0794897  0 
-0.0879188  0.0793397  0 
-0.0877296  0.0791896  0 
-0.0875402  0.0790395  0 
-0.0873506  0.0788894  0 
-0.0871608  0.0787394  0 
-0.0869708  0.0785893  0 
-0.0867805  0.0784392  0 
-0.0865901  0.0782891  0 
-0.0863994  0.0781391  0 
-0.0862085  0.077989  0 
-0.0860174  0.0778389  0 
-0.0858586  0.0777143  0 
-0.0858272  0.0776888  0 
-0.0856427  0.0775388  0 
-0.085458  0.0773887  0 
-0.0852732  0.0772386  0 
-0.0850881  0.0770885  0 
-0.0849028  0.0769385  0 
-0.0847174  0.0767884  0 
-0.0845318  0.0766383  0 

-0.122222  0.104801  0 
-0.122082  0.104702  0 
-0.121869  0.104552  0 
-0.121655  0.104402  0 
-0.12144  0.104252  0 
-0.121225  0.104102  0 
-0.12101  0.103952  0 
-0.120795  0.103802  0 
-0.120579  0.103652  0 
-0.120363  0.103502  0 
-0.120147  0.103352  0 
-0.11993  0.103202  0 
-0.119713  0.103052  0 
-0.119496  0.102901  0 
-0.119278  0.102751  0 
-0.11906  0.102601  0 
-0.118842  0.102451  0 
-0.118623  0.102301  0 
-0.118404  0.102151  0 
-0.118185  0.102001  0 
-0.117975  0.101851  0 
-0.117765  0.101701  0 
-0.117555  0.101551  0 
-0.117345  0.101401  0 
-0.117134  0.101251  0 
-0.116923  0.101101  0 
-0.116712  0.10095  0 
-0.1165  0.1008  0 
-0.116289  0.10065  0 
-0.116076  0.1005  0 
-0.115864  0.10035  0 
-0.115651  0.1002  0 
-0.115438  0.10005  0 
-0.115224  0.0998999  0 
-0.115011  0.0997499  0 
-0.114796  0.0995998  0 
-0.114582  0.0994497  0 
-0.114367  0.0992996  0 
-0.114152  0.0991496  0 
-0.114141  0.0991421  0 
-0.113946  0.0989995  0 
-0.11374  0.0988494  0 
-0.113534  0.0986993  0 
-0.113327  0.0985493  0 
-0.11312  0.0983992  0 
-0.112913  0.0982491  0 
-0.112706  0.098099  0 
-0.112498  0.097949  0 
-0.11229  0.0977989  0 
-0.112082  0.0976488  0 
-0.111874  0.0974987  0 
-0.111665  0.0973487  0 
-0.111456  0.0971986  0 
-0.111246  0.0970485  0 
-0.111036  0.0968984  0 
-0.110826  0.0967484  0 
-0.110616  0.0965983  0 
-0.110406  0.0964482  0 
-0.110195  0.0962981  0 
-0.110101  0.0962316  0 
-0.109988  0.0961481  0 
-0.109786  0.095998  0 
-0.109584  0.0958479  0 
-0.109381  0.0956978  0 
-0.109178  0.0955478  0 
-0.108974  0.0953977  0 
-0.108771  0.0952476  0 
-0.108567  0.0950975  0 
-0.108363  0.0949475  0 
-0.108158  0.0947974  0 
-0.107954  0.0946473  0 
-0.107749  0.0944972  0 
-0.107543  0.0943472  0 
-0.107338  0.0941971  0 
-0.107132  0.094047  0 
-0.106926  0.0938969  0 
-0.10672  0.0937469  0 
-0.106513  0.0935968  0 
-0.106306  0.0934467  0 
-0.106099  0.0932966  0 
-0.106061  0.093269  0 
-0.105898  0.0931466  0 
-0.105699  0.0929965  0 
-0.1055  0.0928464  0 
-0.105301  0.0926963  0 
-0.105101  0.0925463  0 
-0.104901  0.0923962  0 
-0.104701  0.0922461  0 
-0.1045  0.092096  0 
-0.1043  0.091946  0 
-0.104099  0.0917959  0 
-0.103897  0.0916458  0 
-0.103696  0.0914957  0 
-0.103494  0.0913457  0 
-0.103292  0.0911956  0 
-0.10309  0.0910455  0 
-0.102887  0.0908954  0 
-0.102684  0.0907454  0 
-0.102481  0.0905953  0 

-0.143657  0.118659  0 
-0.143406  0.118509  0 
-0.143154  0.118359  0 
-0.142902  0.118209  0 
-0.14265  0.118059  0 
-0.142424  0.117925  0 
-0.142398  0.117909  0 
-0.142159  0.117759  0 
-0.14192  0.117609  0 
-0.14168  0.117459  0 
-0.14144  0.117309  0 
-0.141199  0.117159  0 
-0.140958  0.117009  0 
-0.140717  0.116858  0 
-0.140475  0.116708  0 
-0.140232  0.116558  0 
-0.139989  0.116408  0 
-0.139745  0.116258  0 
-0.139501  0.116108  0 
-0.139257  0.115958  0 
-0.139012  0.115808  0 
-0.138766  0.115658  0 
-0.13852  0.115508  0 
-0.138384  0.115425  0 
-0.13828  0.115358  0 
-0.138047  0.115208  0 
-0.137813  0.115058  0 
-0.13758  0.114907  0 
-0.137345  0.114757  0 
-0.13711  0.114607  0 
-0.136875  0.114457  0 
-0.13664  0.114307  0 
-0.136403  0.114157  0 
-0.136167  0.114007  0 
-0.13593  0.113857  0 
-0.135692  0.113707  0 
-0.135455  0.113557  0 
-0.135216  0.113407  0 
-0.134977  0.113257  0 
-0.134738  0.113107  0 
-0.134498  0.112956  0 
-0.134343  0.11286  0 
-0.134263  0.112806  0 
-0.134035  0.112656  0 
-0.133807  0.112506  0 
-0.133579  0.112356  0 
-0.13335  0.112206  0 
-0.133121  0.112056  0 
-0.132891  0.111906  0 
-0.132661  0.111756  0 
-0.132431  0.111606  0 
-0.1322  0.111456  0 
-0.131968  0.111306  0 
-0.131737  0.111156  0 
-0.131505  0.111006  0 
-0.131272  0.110855  0 
-0.131039  0.110705  0 
-0.130806  0.110555  0 
-0.130572  0.110405  0 
-0.130338  0.110255  0 
-0.130303  0.110233  0 
-0.130114  0.110105  0 
-0.129891  0.109955  0 
-0.129668  0.109805  0 
-0.129444  0.109655  0 
-0.12922  0.109505  0 
-0.128996  0.109355  0 
-0.128771  0.109205  0 
-0.128546  0.109055  0 
-0.128321  0.108904  0 
-0.128095  0.108754  0 
-0.127869  0.108604  0 
-0.127642  0.108454  0 
-0.127415  0.108304  0 
-0.127188  0.108154  0 
-0.12696  0.108004  0 
-0.126732  0.107854  0 
-0.126504  0.107704  0 
-0.126275  0.107554  0 
-0.126263  0.107546  0 
-0.126056  0.107404  0 
-0.125838  0.107254  0 
-0.12562  0.107104  0 
-0.125401  0.106953  0 
-0.125181  0.106803  0 
-0.124962  0.106653  0 
-0.124742  0.106503  0 
-0.124522  0.106353  0 
-0.124301  0.106203  0 
-0.12408  0.106053  0 
-0.123859  0.105903  0 
-0.123637  0.105753  0 
-0.123415  0.105603  0 
-0.123193  0.105453  0 
-0.12297  0.105303  0 
-0.122747  0.105153  0 
-0.122523  0.105003  0 
-0.122299  0.104852  0 
-0.122222  0.104801  0 

-0.168774  0.132466  0 
-0.168467  0.132316  0 
-0.168159  0.132166  0 
-0.16785  0.132016  0 
-0.16754  0.131866  0 
-0.167229  0.131716  0 
-0.166917  0.131566  0 
-0.166667  0.131446  0 
-0.166609  0.131416  0 
-0.16632  0.131266  0 
-0.16603  0.131116  0 
-0.16574  0.130965  0 
-0.165449  0.130815  0 
-0.165157  0.130665  0 
-0.164864  0.130515  0 
-0.16457  0.130365  0 
-0.164275  0.130215  0 
-0.163979  0.130065  0 
-0.163683  0.129915  0 
-0.163385  0.129765  0 
-0.163087  0.129615  0 
-0.162788  0.129465  0 
-0.162626  0.129384  0 
-0.162498  0.129315  0 
-0.16222  0.129165  0 
-0.161941  0.129015  0 
-0.161661  0.128864  0 
-0.161381  0.128714  0 
-0.1611  0.128564  0 
-0.160818  0.128414  0 
-0.160535  0.128264  0 
-0.160251  0.128114  0 
-0.159967  0.127964  0 
-0.159682  0.127814  0 
-0.159396  0.127664  0 
-0.159109  0.127514  0 
-0.158822  0.127364  0 
-0.158586  0.127241  0 
-0.158537  0.127214  0 
-0.158268  0.127064  0 
-0.157999  0.126913  0 
-0.15773  0.126763  0 
-0.157459  0.126613  0 
-0.157188  0.126463  0 
-0.156916  0.126313  0 
-0.156644  0.126163  0 
-0.15637  0.126013  0 
-0.156096  0.125863  0 
-0.155822  0.125713  0 
-0.155546  0.125563  0 
-0.15527  0.125413  0 
-0.154993  0.125263  0 
-0.154716  0.125113  0 
-0.154545  0.125021  0 
-0.154445  0.124962  0 
-0.154185  0.124812  0 
-0.153924  0.124662  0 
-0.153663  0.124512  0 
-0.153401  0.124362  0 
-0.153139  0.124212  0 
-0.152875  0.124062  0 
-0.152612  0.123912  0 
-0.152347  0.123762  0 
-0.152082  0.123612  0 
-0.151817  0.123462  0 
-0.15155  0.123312  0 
-0.151283  0.123162  0 
-0.151016  0.123012  0 
-0.150748  0.122861  0 
-0.150505  0.122726  0 
-0.15048  0.122711  0 
-0.150228  0.122561  0 
-0.149975  0.122411  0 
-0.149722  0.122261  0 
-0.149468  0.122111  0 
-0.149214  0.121961  0 
-0.148959  0.121811  0 
-0.148704  0.121661  0 
-0.148448  0.121511  0 
-0.148191  0.121361  0 
-0.147934  0.121211  0 
-0.147676  0.121061  0 
-0.147417  0.12091  0 
-0.147158  0.12076  0 
-0.146899  0.12061  0 
-0.146639  0.12046  0 
-0.146465  0.12036  0 
-0.146383  0.12031  0 
-0.146138  0.12016  0 
-0.145892  0.12001  0 
-0.145646  0.11986  0 
-0.145399  0.11971  0 
-0.145152  0.11956  0 
-0.144904  0.11941  0 
-0.144655  0.11926  0 
-0.144407  0.11911  0 
-0.144157  0.118959  0 
-0.143907  0.118809  0 
-0.143657  0.118659  0 

-0.204403  0.145823  0 
-0.203734  0.145673  0 
-0.203057  0.145523  0 
-0.20303  0.145517  0 
-0.202506  0.145373  0 
-0.201955  0.145223  0 
-0.201399  0.145073  0 
-0.200838  0.144922  0 
-0.200272  0.144772  0 
-0.199701  0.144622  0 
-0.199124  0.144472  0 
-0.19899  0.144438  0 
-0.198619  0.144322  0 
-0.198133  0.144172  0 
-0.197644  0.144022  0 
-0.197151  0.143872  0 
-0.196654  0.143722  0 
-0.196154  0.143572  0 
-0.195649  0.143422  0 
-0.195141  0.143272  0 
-0.194949  0.143215  0 
-0.194677  0.143122  0 
-0.194238  0.142971  0 
-0.193797  0.142821  0 
-0.193353  0.142671  0 
-0.192907  0.142521  0 
-0.192457  0.142371  0 
-0.192005  0.142221  0 
-0.191549  0.142071  0 
-0.19109  0.141921  0 
-0.190909  0.141862  0 
-0.190666  0.141771  0 
-0.190264  0.141621  0 
-0.189859  0.141471  0 
-0.189452  0.141321  0 
-0.189043  0.141171  0 
-0.188632  0.141021  0 
-0.188218  0.14087  0 
-0.187802  0.14072  0 
-0.187383  0.14057  0 
-0.186963  0.14042  0 
-0.186869  0.140387  0 
-0.186579  0.14027  0 
-0.186204  0.14012  0 
-0.185828  0.13997  0 
-0.18545  0.13982  0 
-0.18507  0.13967  0 
-0.184689  0.13952  0 
-0.184305  0.13937  0 
-0.18392  0.13922  0 
-0.183532  0.13907  0 
-0.183143  0.138919  0 
-0.182828  0.138799  0 
-0.18276  0.138769  0 
-0.18241  0.138619  0 
-0.182058  0.138469  0 
-0.181705  0.138319  0 
-0.18135  0.138169  0 
-0.180994  0.138019  0 
-0.180636  0.137869  0 
-0.180276  0.137719  0 
-0.179915  0.137569  0 
-0.179552  0.137419  0 
-0.179188  0.137269  0 
-0.178822  0.137119  0 
-0.178788  0.137105  0 
-0.178488  0.136968  0 
-0.178156  0.136818  0 
-0.177823  0.136668  0 
-0.177488  0.136518  0 
-0.177152  0.136368  0 
-0.176815  0.136218  0 
-0.176476  0.136068  0 
-0.176136  0.135918  0 
-0.175795  0.135768  0 
-0.175453  0.135618  0 
-0.175109  0.135468  0 
-0.174763  0.135318  0 
-0.174747  0.135311  0 
-0.174447  0.135168  0 
-0.174131  0.135018  0 
-0.173815  0.134867  0 
-0.173497  0.134717  0 
-0.173178  0.134567  0 
-0.172858  0.134417  0 
-0.172536  0.134267  0 
-0.172214  0.134117  0 
-0.17189  0.133967  0 
-0.171565  0.133817  0 
-0.171239  0.133667  0 
-0.170912  0.133517  0 
-0.170707  0.133423  0 
-0.170594  0.133367  0 
-0.170293  0.133217  0 
-0.169991  0.133067  0 
-0.169688  0.132916  0 
-0.169384  0.132766  0 
-0.169079  0.132616  0 
-0.168774  0.132466  0 

-0.246821  0.137269  0 
-0.246724  0.137419  0 
-0.246626  0.137569  0 
-0.246526  0.137719  0 
-0.246424  0.137869  0 
-0.246321  0.138019  0 
-0.246215  0.138169  0 
-0.246108  0.138319  0 
-0.245999  0.138469  0 
-0.245889  0.138619  0 
-0.245776  0.138769  0 
-0.245662  0.138919  0 
-0.245545  0.13907  0 
-0.245427  0.13922  0 
-0.245307  0.13937  0 
-0.245184  0.13952  0 
-0.24506  0.13967  0 
-0.244934  0.13982  0 
-0.244806  0.13997  0 
-0.244675  0.14012  0 
-0.244543  0.14027  0 
-0.244408  0.14042  0 
-0.244272  0.14057  0 
-0.244133  0.14072  0 
-0.243992  0.14087  0 
-0.243849  0.141021  0 
-0.243703  0.141171  0 
-0.243556  0.141321  0 
-0.243434  0.141442  0 
-0.243401  0.141471  0 
-0.243221  0.141621  0 
-0.243039  0.141771  0 
-0.242854  0.141921  0 
-0.242666  0.142071  0 
-0.242474  0.142221  0 
-0.242279  0.142371  0 
-0.242082  0.142521  0 
-0.241881  0.142671  0 
-0.241676  0.142821  0 
-0.241468  0.142971  0 
-0.241257  0.143122  0 
-0.241043  0.143272  0 
-0.240825  0.143422  0 
-0.240603  0.143572  0 
-0.240378  0.143722  0 
-0.240149  0.143872  0 
-0.239917  0.144022  0 
-0.239681  0.144172  0 
-0.239441  0.144322  0 
-0.239394  0.144351  0 
-0.23915  0.144472  0 
-0.238843  0.144622  0 
-0.238531  0.144772  0 
-0.238212  0.144922  0 
-0.237888  0.145073  0 
-0.237558  0.145223  0 
-0.237222  0.145373  0 
-0.236879  0.145523  0 
-0.236531  0.145673  0 
-0.236175  0.145823  0 
-0.235813  0.145973  0 
-0.235445  0.146123  0 
-0.235354  0.14616  0 
-0.234975  0.146273  0 
-0.234462  0.146423  0 
-0.233938  0.146573  0 
-0.233402  0.146723  0 
-0.232854  0.146873  0 
-0.232292  0.147024  0 
-0.231717  0.147174  0 
-0.231313  0.147277  0 
-0.23103  0.147324  0 
-0.230097  0.147474  0 
-0.229131  0.147624  0 
-0.228132  0.147774  0 
-0.227273  0.147899  0 
-0.226875  0.147924  0 
-0.224373  0.148074  0 
-0.223232  0.148139  0 
-0.219496  0.148074  0 
-0.219192  0.148069  0 
-0.217459  0.147924  0 
-0.215589  0.147774  0 
-0.215152  0.14774  0 
-0.214332  0.147624  0 
-0.213249  0.147474  0 
-0.212141  0.147324  0 
-0.211111  0.147187  0 
-0.21104  0.147174  0 
-0.210253  0.147024  0 
-0.209455  0.146873  0 
-0.208643  0.146723  0 
-0.207819  0.146573  0 
-0.207071  0.146439  0 
-0.207003  0.146423  0 
-0.206365  0.146273  0 
-0.205718  0.146123  0 
-0.205065  0.145973  0 
-0.204403  0.145823  0 

-0.249873  0.122711  0 
-0.249884  0.122861  0 
-0.249893  0.123012  0 
-0.249902  0.123162  0 
-0.24991  0.123312  0 
-0.249917  0.123462  0 
-0.249924  0.123612  0 
-0.24993  0.123762  0 
-0.249936  0.123912  0 
-0.24994  0.124062  0 
-0.249944  0.124212  0 
-0.249948  0.124362  0 
-0.24995  0.124512  0 
-0.249952  0.124662  0 
-0.249953  0.124812  0 
-0.249954  0.124962  0 
-0.249953  0.125113  0 
-0.249952  0.125263  0 
-0.24995  0.125413  0 
-0.249948  0.125563  0 
-0.249945  0.125713  0 
-0.249941  0.125863  0 
-0.249936  0.126013  0 
-0.24993  0.126163  0 
-0.249924  0.126313  0 
-0.249917  0.126463  0 
-0.249909  0.126613  0 
-0.2499  0.126763  0 
-0.249891  0.126913  0 
-0.249881  0.127064  0 
-0.24987  0.127214  0 
-0.249858  0.127364  0 
-0.249845  0.127514  0 
-0.249831  0.127664  0 
-0.249817  0.127814  0 
-0.249802  0.127964  0 
-0.249786  0.128114  0 
-0.249769  0.128264  0 
-0.249751  0.128414  0 
-0.249732  0.128564  0 
-0.249713  0.128714  0 
-0.249692  0.128864  0 
-0.249671  0.129015  0 
-0.249649  0.129165  0 
-0.249626  0.129315  0 
-0.249602  0.129465  0 
-0.249577  0.129615  0 
-0.249551  0.129765  0 
-0.249525  0.129915  0 
-0.249497  0.130065  0 
-0.249468  0.130215  0 
-0.249439  0.130365  0 
-0.249408  0.130515  0 
-0.249377  0.130665  0 
-0.249344  0.130815  0 
-0.249311  0.130965  0 
-0.249276  0.131116  0 
-0.249241  0.131266  0 
-0.249204  0.131416  0 
-0.249167  0.131566  0 
-0.249128  0.131716  0 
-0.249089  0.131866  0 
-0.249048  0.132016  0 
-0.249007  0.132166  0 
-0.248964  0.132316  0 
-0.24892  0.132466  0 
-0.248875  0.132616  0 
-0.24883  0.132766  0 
-0.248783  0.132916  0 
-0.248734  0.133067  0 
-0.248685  0.133217  0 
-0.248635  0.133367  0 
-0.248584  0.133517  0 
-0.248531  0.133667  0 
-0.248477  0.133817  0 
-0.248422  0.133967  0 
-0.248366  0.134117  0 
-0.248309  0.134267  0 
-0.248251  0.134417  0 
-0.248191  0.134567  0 
-0.24813  0.134717  0 
-0.248068  0.134867  0 
-0.248005  0.135018  0 
-0.24794  0.135168  0 
-0.247874  0.135318  0 
-0.247807  0.135468  0 
-0.247739  0.135618  0 
-0.247669  0.135768  0 
-0.247598  0.135918  0 
-0.247526  0.136068  0 
-0.247475  0.136173  0 
-0.24745  0.136218  0 
-0.247365  0.136368  0 
-0.247278  0.136518  0 
-0.24719  0.136668  0 
-0.2471  0.136818  0 
-0.247009  0.136968  0 
-0.246915  0.137119  0 
-0.246821  0.137269  0 

-0.24626  0.108154  0 
-0.246322  0.108304  0 
-0.246383  0.108454  0 
-0.246444  0.108604  0 
-0.246505  0.108754  0 
-0.246565  0.108904  0 
-0.246625  0.109055  0 
-0.246684  0.109205  0 
-0.246744  0.109355  0 
-0.246802  0.109505  0 
-0.246861  0.109655  0 
-0.246919  0.109805  0 
-0.246976  0.109955  0 
-0.247033  0.110105  0 
-0.24709  0.110255  0 
-0.247146  0.110405  0 
-0.247202  0.110555  0 
-0.247258  0.110705  0 
-0.247313  0.110855  0 
-0.247368  0.111006  0 
-0.247422  0.111156  0 
-0.247475  0.111301  0 
-0.247476  0.111306  0 
-0.247525  0.111456  0 
-0.247574  0.111606  0 
-0.247623  0.111756  0 
-0.247671  0.111906  0 
-0.247718  0.112056  0 
-0.247766  0.112206  0 
-0.247812  0.112356  0 
-0.247859  0.112506  0 
-0.247905  0.112656  0 
-0.24795  0.112806  0 
-0.247996  0.112956  0 
-0.24804  0.113107  0 
-0.248084  0.113257  0 
-0.248128  0.113407  0 
-0.248172  0.113557  0 
-0.248215  0.113707  0 
-0.248257  0.113857  0 
-0.248299  0.114007  0 
-0.248341  0.114157  0 
-0.248382  0.114307  0 
-0.248423  0.114457  0 
-0.248463  0.114607  0 
-0.248503  0.114757  0 
-0.248542  0.114907  0 
-0.248581  0.115058  0 
-0.24862  0.115208  0 
-0.248658  0.115358  0 
-0.248695  0.115508  0 
-0.248732  0.115658  0 
-0.248769  0.115808  0 
-0.248805  0.115958  0 
-0.24884  0.116108  0 
-0.248875  0.116258  0 
-0.24891  0.116408  0 
-0.248944  0.116558  0 
-0.248977  0.116708  0 
-0.249011  0.116858  0 
-0.249043  0.117009  0 
-0.249075  0.117159  0 
-0.249107  0.117309  0 
-0.249138  0.117459  0 
-0.249168  0.117609  0 
-0.249198  0.117759  0 
-0.249228  0.117909  0 
-0.249257  0.118059  0 
-0.249285  0.118209  0 
-0.249313  0.118359  0 
-0.249341  0.118509  0 
-0.249367  0.118659  0 
-0.249394  0.118809  0 
-0.249419  0.118959  0 
-0.249445  0.11911  0 
-0.249469  0.11926  0 
-0.249493  0.11941  0 
-0.249517  0.11956  0 
-0.24954  0.11971  0 
-0.249562  0.11986  0 
-0.249584  0.12001  0 
-0.249605  0.12016  0 
-0.249626  0.12031  0 
-0.249646  0.12046  0 
-0.249665  0.12061  0 
-0.249684  0.12076  0 
-0.249702  0.12091  0 
-0.24972  0.121061  0 
-0.249737  0.121211  0 
-0.249754  0.121361  0 
-0.249769  0.121511  0 
-0.249785  0.121661  0 
-0.249799  0.121811  0 
-0.249813  0.121961  0 
-0.249827  0.122111  0 
-0.249839  0.122261  0 
-0.249851  0.122411  0 
-0.249863  0.122561  0 
-0.249873  0.122711  0 

-0.238523  0.0937469  0 
-0.238625  0.0938969  0 
-0.238726  0.094047  0 
-0.238827  0.0941971  0 
-0.238928  0.0943472  0 
-0.239029  0.0944972  0 
-0.23913  0.0946473  0 
-0.23923  0.0947974  0 
-0.23933  0.0949475  0 
-0.239394  0.0950429  0 
-0.239428  0.0950975  0 
-0.23952  0.0952476  0 
-0.239613  0.0953977  0 
-0.239705  0.0955478  0 
-0.239797  0.0956978  0 
-0.239888  0.0958479  0 
-0.23998  0.095998  0 
-0.240071  0.0961481  0 
-0.240162  0.0962981  0 
-0.240253  0.0964482  0 
-0.240343  0.0965983  0 
-0.240434  0.0967484  0 
-0.240524  0.0968984  0 
-0.240613  0.0970485  0 
-0.240703  0.0971986  0 
-0.240792  0.0973487  0 
-0.240882  0.0974987  0 
-0.240971  0.0976488  0 
-0.241059  0.0977989  0 
-0.241148  0.097949  0 
-0.241236  0.098099  0 
-0.241324  0.0982491  0 
-0.241411  0.0983992  0 
-0.241499  0.0985493  0 
-0.241586  0.0986993  0 
-0.241673  0.0988494  0 
-0.24176  0.0989995  0 
-0.241846  0.0991496  0 
-0.241932  0.0992996  0 
-0.242018  0.0994497  0 
-0.242104  0.0995998  0 
-0.24219  0.0997499  0 
-0.242275  0.0998999  0 
-0.24236  0.10005  0 
-0.242444  0.1002  0 
-0.242529  0.10035  0 
-0.242613  0.1005  0 
-0.242697  0.10065  0 
-0.24278  0.1008  0 
-0.242864  0.10095  0 
-0.242947  0.101101  0 
-0.243029  0.101251  0 
-0.243112  0.101401  0 
-0.243194  0.101551  0 
-0.243276  0.101701  0 
-0.243358  0.101851  0 
-0.243434  0.101992  0 
-0.243439  0.102001  0 
-0.243514  0.102151  0 
-0.243589  0.102301  0 
-0.243663  0.102451  0 
-0.243737  0.102601  0 
-0.243811  0.102751  0 
-0.243885  0.102901  0 
-0.243958  0.103052  0 
-0.244031  0.103202  0 
-0.244104  0.103352  0 
-0.244176  0.103502  0 
-0.244248  0.103652  0 
-0.24432  0.103802  0 
-0.244391  0.103952  0 
-0.244462  0.104102  0 
-0.244533  0.104252  0 
-0.244604  0.104402  0 
-0.244674  0.104552  0 
-0.244744  0.104702  0 
-0.244813  0.104852  0 
-0.244883  0.105003  0 
-0.244952  0.105153  0 
-0.24502  0.105303  0 
-0.245089  0.105453  0 
-0.245156  0.105603  0 
-0.245224  0.105753  0 
-0.245291  0.105903  0 
-0.245358  0.106053  0 
-0.245425  0.106203  0 
-0.245491  0.106353  0 
-0.245557  0.106503  0 
-0.245623  0.106653  0 
-0.245688  0.106803  0 
-0.245753  0.106953  0 
-0.245818  0.107104  0 
-0.245882  0.107254  0 
-0.245946  0.107404  0 
-0.246009  0.107554  0 
-0.246073  0.107704  0 
-0.246135  0.107854  0 
-0.246198  0.108004  0 
-0.24626  0.108154  0 

-0.227273  0.0793738  0 
-0.227374  0.0794897  0 
-0.227505  0.0796398  0 
-0.227636  0.0797899  0 
-0.227767  0.07994  0 
-0.227898  0.08009  0 
-0.228029  0.0802401  0 
-0.22816  0.0803902  0 
-0.228291  0.0805403  0 
-0.228421  0.0806903  0 
-0.228552  0.0808404  0 
-0.228682  0.0809905  0 
-0.228813  0.0811406  0 
-0.228943  0.0812906  0 
-0.229073  0.0814407  0 
-0.229204  0.0815908  0 
-0.229334  0.0817409  0 
-0.229464  0.0818909  0 
-0.229594  0.082041  0 
-0.229723  0.0821911  0 
-0.229853  0.0823412  0 
-0.229983  0.0824912  0 
-0.230113  0.0826413  0 
-0.230242  0.0827914  0 
-0.230372  0.0829415  0 
-0.230501  0.0830915  0 
-0.23063  0.0832416  0 
-0.230759  0.0833917  0 
-0.230888  0.0835418  0 
-0.231017  0.0836918  0 
-0.231146  0.0838419  0 
-0.231275  0.083992  0 
-0.231313  0.0840362  0 
-0.231398  0.0841421  0 
-0.231517  0.0842921  0 
-0.231637  0.0844422  0 
-0.231756  0.0845923  0 
-0.231875  0.0847424  0 
-0.231994  0.0848924  0 
-0.232113  0.0850425  0 
-0.232232  0.0851926  0 
-0.232351  0.0853427  0 
-0.232469  0.0854927  0 
-0.232588  0.0856428  0 
-0.232706  0.0857929  0 
-0.232824  0.085943  0 
-0.232942  0.086093  0 
-0.23306  0.0862431  0 
-0.233178  0.0863932  0 
-0.233296  0.0865433  0 
-0.233414  0.0866933  0 
-0.233531  0.0868434  0 
-0.233648  0.0869935  0 
-0.233766  0.0871436  0 
-0.233883  0.0872936  0 
-0.234  0.0874437  0 
-0.234116  0.0875938  0 
-0.234233  0.0877439  0 
-0.23435  0.0878939  0 
-0.234466  0.088044  0 
-0.234582  0.0881941  0 
-0.234699  0.0883442  0 
-0.234815  0.0884942  0 
-0.234931  0.0886443  0 
-0.235046  0.0887944  0 
-0.235162  0.0889445  0 
-0.235277  0.0890945  0 
-0.235354  0.0891938  0 
-0.23539  0.0892446  0 
-0.235497  0.0893947  0 
-0.235604  0.0895448  0 
-0.23571  0.0896948  0 
-0.235817  0.0898449  0 
-0.235923  0.089995  0 
-0.236029  0.0901451  0 
-0.236135  0.0902951  0 
-0.236241  0.0904452  0 
-0.236346  0.0905953  0 
-0.236452  0.0907454  0 
-0.236557  0.0908954  0 
-0.236662  0.0910455  0 
-0.236767  0.0911956  0 
-0.236872  0.0913457  0 
-0.236976  0.0914957  0 
-0.237081  0.0916458  0 
-0.237185  0.0917959  0 
-0.237289  0.091946  0 
-0.237393  0.092096  0 
-0.237496  0.0922461  0 
-0.2376  0.0923962  0 
-0.237703  0.0925463  0 
-0.237806  0.0926963  0 
-0.237909  0.0928464  0 
-0.238012  0.0929965  0 
-0.238115  0.0931466  0 
-0.238217  0.0932966  0 
-0.238319  0.0934467  0 
-0.238421  0.0935968  0 
-0.238523  0.0937469  0 

-0.212621  0.0652326  0 
-0.212794  0.0653827  0 
-0.212968  0.0655328  0 
-0.213142  0.0656828  0 
-0.213316  0.0658329  0 
-0.21349  0.065983  0 
-0.213664  0.0661331  0 
-0.213838  0.0662831  0 
-0.214012  0.0664332  0 
-0.214187  0.0665833  0 
-0.214361  0.0667334  0 
-0.214536  0.0668834  0 
-0.214711  0.0670335  0 
-0.214885  0.0671836  0 
-0.21506  0.0673337  0 
-0.215152  0.0674119  0 
-0.21523  0.0674837  0 
-0.215392  0.0676338  0 
-0.215555  0.0677839  0 
-0.215718  0.067934  0 
-0.215881  0.068084  0 
-0.216044  0.0682341  0 
-0.216207  0.0683842  0 
-0.21637  0.0685343  0 
-0.216533  0.0686843  0 
-0.216696  0.0688344  0 
-0.21686  0.0689845  0 
-0.217023  0.0691346  0 
-0.217186  0.0692846  0 
-0.21735  0.0694347  0 
-0.217513  0.0695848  0 
-0.217677  0.0697349  0 
-0.21784  0.0698849  0 
-0.218004  0.070035  0 
-0.218168  0.0701851  0 
-0.218331  0.0703352  0 
-0.218495  0.0704852  0 
-0.218659  0.0706353  0 
-0.218823  0.0707854  0 
-0.218987  0.0709355  0 
-0.219151  0.0710855  0 
-0.219192  0.0711229  0 
-0.219307  0.0712356  0 
-0.219459  0.0713857  0 
-0.219612  0.0715358  0 
-0.219764  0.0716858  0 
-0.219917  0.0718359  0 
-0.22007  0.071986  0 
-0.220222  0.0721361  0 
-0.220375  0.0722861  0 
-0.220528  0.0724362  0 
-0.22068  0.0725863  0 
-0.220833  0.0727364  0 
-0.220986  0.0728864  0 
-0.221138  0.0730365  0 
-0.221291  0.0731866  0 
-0.221444  0.0733367  0 
-0.221596  0.0734867  0 
-0.221749  0.0736368  0 
-0.221902  0.0737869  0 
-0.222055  0.073937  0 
-0.222207  0.074087  0 
-0.22236  0.0742371  0 
-0.222513  0.0743872  0 
-0.222666  0.0745373  0 
-0.222819  0.0746873  0 
-0.222972  0.0748374  0 
-0.223124  0.0749875  0 
-0.223232  0.0750936  0 
-0.223274  0.0751376  0 
-0.223416  0.0752876  0 
-0.223558  0.0754377  0 
-0.2237  0.0755878  0 
-0.223842  0.0757379  0 
-0.223984  0.0758879  0 
-0.224126  0.076038  0 
-0.224268  0.0761881  0 
-0.22441  0.0763382  0 
-0.224552  0.0764882  0 
-0.224694  0.0766383  0 
-0.224836  0.0767884  0 
-0.224977  0.0769385  0 
-0.225119  0.0770885  0 
-0.225261  0.0772386  0 
-0.225402  0.0773887  0 
-0.225544  0.0775388  0 
-0.225686  0.0776888  0 
-0.225827  0.0778389  0 
-0.225969  0.077989  0 
-0.22611  0.0781391  0 
-0.226252  0.0782891  0 
-0.226393  0.0784392  0 
-0.226534  0.0785893  0 
-0.226676  0.0787394  0 
-0.226817  0.0788894  0 
-0.226958  0.0790395  0 
-0.2271  0.0791896  0 
-0.227241  0.0793397  0 
-0.227273  0.0793738  0 

-0.194252  0.0512756  0 
-0.19448  0.0514257  0 
-0.194708  0.0515758  0 
-0.194937  0.0517259  0 
-0.194949  0.0517341  0 
-0.19515  0.0518759  0 
-0.195363  0.052026  0 
-0.195576  0.0521761  0 
-0.195789  0.0523262  0 
-0.196003  0.0524762  0 
-0.196217  0.0526263  0 
-0.196431  0.0527764  0 
-0.196646  0.0529265  0 
-0.196861  0.0530765  0 
-0.197076  0.0532266  0 
-0.197291  0.0533767  0 
-0.197507  0.0535268  0 
-0.197723  0.0536768  0 
-0.197939  0.0538269  0 
-0.198156  0.053977  0 
-0.198373  0.0541271  0 
-0.198591  0.0542771  0 
-0.198808  0.0544272  0 
-0.19899  0.0545523  0 
-0.199024  0.0545773  0 
-0.199226  0.0547274  0 
-0.199429  0.0548774  0 
-0.199632  0.0550275  0 
-0.199835  0.0551776  0 
-0.200039  0.0553277  0 
-0.200242  0.0554777  0 
-0.200446  0.0556278  0 
-0.20065  0.0557779  0 
-0.200855  0.055928  0 
-0.20106  0.056078  0 
-0.201264  0.0562281  0 
-0.20147  0.0563782  0 
-0.201675  0.0565283  0 
-0.201881  0.0566783  0 
-0.202087  0.0568284  0 
-0.202293  0.0569785  0 
-0.2025  0.0571286  0 
-0.202706  0.0572786  0 
-0.202913  0.0574287  0 
-0.20303  0.0575135  0 
-0.203114  0.0575788  0 
-0.203307  0.0577289  0 
-0.2035  0.0578789  0 
-0.203693  0.058029  0 
-0.203886  0.0581791  0 
-0.204079  0.0583292  0 
-0.204273  0.0584792  0 
-0.204466  0.0586293  0 
-0.20466  0.0587794  0 
-0.204855  0.0589295  0 
-0.205049  0.0590795  0 
-0.205243  0.0592296  0 
-0.205438  0.0593797  0 
-0.205633  0.0595298  0 
-0.205828  0.0596798  0 
-0.206024  0.0598299  0 
-0.206219  0.05998  0 
-0.206415  0.0601301  0 
-0.206611  0.0602801  0 
-0.206807  0.0604302  0 
-0.207004  0.0605803  0 
-0.207071  0.0606316  0 
-0.207191  0.0607304  0 
-0.207374  0.0608804  0 
-0.207557  0.0610305  0 
-0.20774  0.0611806  0 
-0.207923  0.0613307  0 
-0.208106  0.0614807  0 
-0.20829  0.0616308  0 
-0.208473  0.0617809  0 
-0.208657  0.061931  0 
-0.208841  0.062081  0 
-0.209025  0.0622311  0 
-0.209209  0.0623812  0 
-0.209393  0.0625313  0 
-0.209578  0.0626813  0 
-0.209762  0.0628314  0 
-0.209947  0.0629815  0 
-0.210132  0.0631316  0 
-0.210317  0.0632816  0 
-0.210502  0.0634317  0 
-0.210688  0.0635818  0 
-0.210873  0.0637319  0 
-0.211059  0.0638819  0 
-0.211111  0.0639239  0 
-0.211236  0.064032  0 
-0.211408  0.0641821  0 
-0.211581  0.0643322  0 
-0.211754  0.0644822  0 
-0.211927  0.0646323  0 
-0.212101  0.0647824  0 
-0.212274  0.0649325  0 
-0.212447  0.0650825  0 
-0.212621  0.0652326  0 

-0.170771  0.0373187  0 
-0.171047  0.0374687  0 
-0.171325  0.0376188  0 
-0.171603  0.0377689  0 
-0.171882  0.037919  0 
-0.172162  0.038069  0 
-0.172443  0.0382191  0 
-0.172724  0.0383692  0 
-0.173006  0.0385193  0 
-0.173289  0.0386693  0 
-0.173572  0.0388194  0 
-0.173857  0.0389695  0 
-0.174142  0.0391196  0 
-0.174428  0.0392696  0 
-0.174715  0.0394197  0 
-0.174747  0.0394367  0 
-0.174983  0.0395698  0 
-0.175249  0.0397199  0 
-0.175515  0.0398699  0 
-0.175782  0.04002  0 
-0.17605  0.0401701  0 
-0.176318  0.0403202  0 
-0.176587  0.0404702  0 
-0.176857  0.0406203  0 
-0.177128  0.0407704  0 
-0.177399  0.0409205  0 
-0.177671  0.0410705  0 
-0.177943  0.0412206  0 
-0.178216  0.0413707  0 
-0.17849  0.0415208  0 
-0.178765  0.0416708  0 
-0.178788  0.0416833  0 
-0.179021  0.0418209  0 
-0.179276  0.041971  0 
-0.179531  0.0421211  0 
-0.179787  0.0422711  0 
-0.180043  0.0424212  0 
-0.1803  0.0425713  0 
-0.180558  0.0427214  0 
-0.180816  0.0428714  0 
-0.181075  0.0430215  0 
-0.181334  0.0431716  0 
-0.181594  0.0433217  0 
-0.181854  0.0434717  0 
-0.182116  0.0436218  0 
-0.182377  0.0437719  0 
-0.18264  0.043922  0 
-0.182828  0.0440297  0 
-0.182897  0.044072  0 
-0.183141  0.0442221  0 
-0.183385  0.0443722  0 
-0.183629  0.0445223  0 
-0.183874  0.0446723  0 
-0.18412  0.0448224  0 
-0.184366  0.0449725  0 
-0.184612  0.0451226  0 
-0.184859  0.0452726  0 
-0.185107  0.0454227  0 
-0.185355  0.0455728  0 
-0.185604  0.0457229  0 
-0.185853  0.0458729  0 
-0.186102  0.046023  0 
-0.186352  0.0461731  0 
-0.186603  0.0463232  0 
-0.186854  0.0464732  0 
-0.186869  0.0464818  0 
-0.187088  0.0466233  0 
-0.187322  0.0467734  0 
-0.187555  0.0469235  0 
-0.187789  0.0470735  0 
-0.188024  0.0472236  0 
-0.188259  0.0473737  0 
-0.188494  0.0475238  0 
-0.18873  0.0476738  0 
-0.188967  0.0478239  0 
-0.189203  0.047974  0 
-0.18944  0.0481241  0 
-0.189678  0.0482741  0 
-0.189916  0.0484242  0 
-0.190155  0.0485743  0 
-0.190394  0.0487244  0 
-0.190633  0.0488744  0 
-0.190873  0.0490245  0 
-0.190909  0.0490472  0 
-0.191098  0.0491746  0 
-0.191321  0.0493247  0 
-0.191544  0.0494747  0 
-0.191768  0.0496248  0 
-0.191992  0.0497749  0 
-0.192216  0.049925  0 
-0.192441  0.050075  0 
-0.192666  0.0502251  0 
-0.192891  0.0503752  0 
-0.193117  0.0505253  0 
-0.193343  0.0506753  0 
-0.19357  0.0508254  0 
-0.193797  0.0509755  0 
-0.194024  0.0511256  0 
-0.194252  0.0512756  0 

-0.140595  0.0238119  0 
-0.140991  0.023962  0 
-0.141389  0.0241121  0 
-0.141789  0.0242621  0 
-0.142191  0.0244122  0 
-0.142424  0.0244988  0 
-0.14258  0.0245623  0 
-0.14295  0.0247124  0 
-0.143321  0.0248624  0 
-0.143694  0.0250125  0 
-0.144069  0.0251626  0 
-0.144446  0.0253127  0 
-0.144825  0.0254627  0 
-0.145205  0.0256128  0 
-0.145587  0.0257629  0 
-0.145971  0.025913  0 
-0.146358  0.026063  0 
-0.146465  0.0261046  0 
-0.146721  0.0262131  0 
-0.147076  0.0263632  0 
-0.147432  0.0265133  0 
-0.147791  0.0266633  0 
-0.148151  0.0268134  0 
-0.148512  0.0269635  0 
-0.148875  0.0271136  0 
-0.14924  0.0272636  0 
-0.149606  0.0274137  0 
-0.149974  0.0275638  0 
-0.150344  0.0277139  0 
-0.150505  0.027779  0 
-0.150697  0.0278639  0 
-0.151038  0.028014  0 
-0.15138  0.0281641  0 
-0.151723  0.0283142  0 
-0.152068  0.0284642  0 
-0.152414  0.0286143  0 
-0.152762  0.0287644  0 
-0.153111  0.0289145  0 
-0.153461  0.0290645  0 
-0.153813  0.0292146  0 
-0.154167  0.0293647  0 
-0.154522  0.0295148  0 
-0.154545  0.0295248  0 
-0.15485  0.0296648  0 
-0.155177  0.0298149  0 
-0.155506  0.029965  0 
-0.155835  0.0301151  0 
-0.156166  0.0302651  0 
-0.156499  0.0304152  0 
-0.156832  0.0305653  0 
-0.157167  0.0307154  0 
-0.157503  0.0308654  0 
-0.157841  0.0310155  0 
-0.158179  0.0311656  0 
-0.15852  0.0313157  0 
-0.158586  0.0313449  0 
-0.158838  0.0314657  0 
-0.159152  0.0316158  0 
-0.159467  0.0317659  0 
-0.159783  0.031916  0 
-0.1601  0.032066  0 
-0.160419  0.0322161  0 
-0.160738  0.0323662  0 
-0.161059  0.0325163  0 
-0.16138  0.0326663  0 
-0.161703  0.0328164  0 
-0.162027  0.0329665  0 
-0.162353  0.0331166  0 
-0.162626  0.0332424  0 
-0.162675  0.0332666  0 
-0.162975  0.0334167  0 
-0.163277  0.0335668  0 
-0.16358  0.0337169  0 
-0.163883  0.0338669  0 
-0.164188  0.034017  0 
-0.164493  0.0341671  0 
-0.1648  0.0343172  0 
-0.165107  0.0344672  0 
-0.165416  0.0346173  0 
-0.165725  0.0347674  0 
-0.166036  0.0349175  0 
-0.166347  0.0350675  0 
-0.16666  0.0352176  0 
-0.166667  0.0352208  0 
-0.166949  0.0353677  0 
-0.167238  0.0355178  0 
-0.167528  0.0356678  0 
-0.167819  0.0358179  0 
-0.168111  0.035968  0 
-0.168403  0.0361181  0 
-0.168697  0.0362681  0 
-0.168991  0.0364182  0 
-0.169286  0.0365683  0 
-0.169582  0.0367184  0 
-0.16988  0.0368684  0 
-0.170177  0.0370185  0 
-0.170476  0.0371686  0 
-0.170707  0.0372842  0 
-0.170771  0.0373187  0 

-0.0978329  0.0107554  0 
-0.0979798  0.0107879  0 
-0.0984497  0.0109055  0 
-0.0990555  0.0110555  0 
-0.0996686  0.0112056  0 
-0.100289  0.0113557  0 
-0.100917  0.0115058  0 
-0.101553  0.0116558  0 
-0.10202  0.0117649  0 
-0.102176  0.0118059  0 
-0.10275  0.011956  0 
-0.103329  0.0121061  0 
-0.103915  0.0122561  0 
-0.104508  0.0124062  0 
-0.105107  0.0125563  0 
-0.105713  0.0127064  0 
-0.106061  0.0127917  0 
-0.106295  0.0128564  0 
-0.106843  0.0130065  0 
-0.107396  0.0131566  0 
-0.107955  0.0133067  0 
-0.108519  0.0134567  0 
-0.109089  0.0136068  0 
-0.109665  0.0137569  0 
-0.110101  0.0138694  0 
-0.110231  0.013907  0 
-0.110753  0.014057  0 
-0.111279  0.0142071  0 
-0.111811  0.0143572  0 
-0.112347  0.0145073  0 
-0.112888  0.0146573  0 
-0.113435  0.0148074  0 
-0.113987  0.0149575  0 
-0.114141  0.0149994  0 
-0.1145  0.0151076  0 
-0.115  0.0152576  0 
-0.115505  0.0154077  0 
-0.116014  0.0155578  0 
-0.116527  0.0157079  0 
-0.117045  0.0158579  0 
-0.117567  0.016008  0 
-0.118094  0.0161581  0 
-0.118182  0.0161829  0 
-0.118579  0.0163082  0 
-0.119058  0.0164582  0 
-0.11954  0.0166083  0 
-0.120027  0.0167584  0 
-0.120517  0.0169085  0 
-0.121011  0.0170585  0 
-0.121509  0.0172086  0 
-0.122011  0.0173587  0 
-0.122222  0.0174216  0 
-0.122487  0.0175088  0 
-0.122944  0.0176588  0 
-0.123404  0.0178089  0 
-0.123868  0.017959  0 
-0.124336  0.0181091  0 
-0.124806  0.0182591  0 
-0.12528  0.0184092  0 
-0.125758  0.0185593  0 
-0.126239  0.0187094  0 
-0.126263  0.0187168  0 
-0.126677  0.0188594  0 
-0.127116  0.0190095  0 
-0.127558  0.0191596  0 
-0.128003  0.0193097  0 
-0.12845  0.0194597  0 
-0.128901  0.0196098  0 
-0.129355  0.0197599  0 
-0.129812  0.01991  0 
-0.130272  0.02006  0 
-0.130303  0.0200703  0 
-0.130693  0.0202101  0 
-0.131113  0.0203602  0 
-0.131536  0.0205103  0 
-0.131961  0.0206603  0 
-0.132389  0.0208104  0 
-0.13282  0.0209605  0 
-0.133254  0.0211106  0 
-0.13369  0.0212606  0 
-0.134129  0.0214107  0 
-0.134343  0.0214838  0 
-0.134549  0.0215608  0 
-0.134951  0.0217109  0 
-0.135355  0.0218609  0 
-0.135761  0.022011  0 
-0.13617  0.0221611  0 
-0.136581  0.0223112  0 
-0.136995  0.0224612  0 
-0.13741  0.0226113  0 
-0.137829  0.0227614  0 
-0.138249  0.0229115  0 
-0.138384  0.0229593  0 
-0.138646  0.0230615  0 
-0.139031  0.0232116  0 
-0.139419  0.0233617  0 
-0.139809  0.0235118  0 
-0.140201  0.0236618  0 
-0.140595  0.0238119  0 

 0.00032587 -0.000350175  0 
 0.000163366 -0.0002001  0 
-6.43929e-05 -5.0025e-05  0 
-0.0010101  6.2866e-06  0 
-0.00505051  2.67637e-05  0 
-0.00909091  8.36555e-05  0 
-0.00963107  0.00010005  0 
-0.0131313  0.000175198  0 
-0.0152947  0.000250125  0 
-0.0171717  0.000300416  0 
-0.0194974  0.0004002  0 
-0.0212121  0.000460193  0 
-0.0229131  0.000550275  0 
-0.0252525  0.000654861  0 
-0.0259638  0.00070035  0 
-0.028609  0.000850425  0 
-0.0292929  0.000884946  0 
-0.0309232  0.0010005  0 
-0.0333287  0.00115058  0 
-0.0333333  0.00115085  0 
-0.0352193  0.00130065  0 
-0.0373351  0.00145073  0 
-0.0373737  0.00145332  0 
-0.0390285  0.0016008  0 
-0.0408692  0.00175088  0 
-0.0414141  0.00179285  0 
-0.042499  0.00190095  0 
-0.0441003  0.00205103  0 
-0.0454545  0.00216977  0 
-0.0457373  0.0022011  0 
-0.0471375  0.00235118  0 
-0.0486256  0.00250125  0 
-0.0494949  0.00258486  0 
-0.0500496  0.00265133  0 
-0.0513456  0.0028014  0 
-0.0527103  0.00295148  0 
-0.0535354  0.0030386  0 
-0.0540204  0.00310155  0 
-0.0552104  0.00325163  0 
-0.0564536  0.0034017  0 
-0.0575758  0.00353164  0 
-0.0577192  0.00355178  0 
-0.0588078  0.00370185  0 
-0.0599377  0.00385193  0 
-0.0611119  0.004002  0 
-0.0616162  0.00406479  0 
-0.0621994  0.00415208  0 
-0.0632268  0.00430215  0 
-0.0642884  0.00445223  0 
-0.0653862  0.0046023  0 
-0.0656566  0.00463856  0 
-0.0663692  0.00475238  0 
-0.0673318  0.00490245  0 
-0.0683225  0.00505253  0 
-0.0693427  0.0052026  0 
-0.069697  0.00525377  0 
-0.0702772  0.00535268  0 
-0.0711751  0.00550275  0 
-0.072096  0.00565283  0 
-0.0730409  0.0058029  0 
-0.0737374  0.00591112  0 
-0.0739676  0.00595298  0 
-0.0748032  0.00610305  0 
-0.0756576  0.00625313  0 
-0.0765316  0.0064032  0 
-0.0774259  0.00655328  0 
-0.0777778  0.00661145  0 
-0.0782558  0.00670335  0 
-0.0790482  0.00685343  0 
-0.0798565  0.0070035  0 
-0.0806813  0.00715358  0 
-0.0815233  0.00730365  0 
-0.0818182  0.00735555  0 
-0.082301  0.00745373  0 
-0.0830492  0.0076038  0 
-0.0838109  0.00775388  0 
-0.0845866  0.00790395  0 
-0.0853766  0.00805403  0 
-0.0858586  0.00814431  0 
-0.0861366  0.0082041  0 
-0.0868413  0.00835418  0 
-0.0875574  0.00850425  0 
-0.0882851  0.00865433  0 
-0.0890249  0.0088044  0 
-0.0897771  0.00895448  0 
-0.089899  0.00897859  0 
-0.090456  0.00910455  0 
-0.0911281  0.00925463  0 
-0.0918101  0.0094047  0 
-0.0925022  0.00955478  0 
-0.0932048  0.00970485  0 
-0.093918  0.00985493  0 
-0.0939394  0.00985941  0 
-0.0945514  0.010005  0 
-0.0951903  0.0101551  0 
-0.0958377  0.0103052  0 
-0.0964938  0.0104552  0 
-0.0971588  0.0106053  0 
-0.0978329  0.0107554  0 

 0.0143961 -0.0146073  0 
 0.0142492 -0.0144572  0 
 0.0141023 -0.0143072  0 
 0.0139554 -0.0141571  0 
 0.0138087 -0.014007  0 
 0.013662 -0.0138569  0 
 0.0135153 -0.0137069  0 
 0.0133688 -0.0135568  0 
 0.0132223 -0.0134067  0 
 0.0130759 -0.0132566  0 
 0.0129296 -0.0131066  0 
 0.0127833 -0.0129565  0 
 0.0126372 -0.0128064  0 
 0.0124911 -0.0126563  0 
 0.0123451 -0.0125063  0 
 0.0121992 -0.0123562  0 
 0.0120535 -0.0122061  0 
 0.0119078 -0.012056  0 
 0.0117622 -0.011906  0 
 0.0116168 -0.0117559  0 
 0.0114714 -0.0116058  0 
 0.0113262 -0.0114557  0 
 0.0111811 -0.0113057  0 
 0.0111111 -0.0112327  0 
 0.0110343 -0.0111556  0 
 0.010886 -0.0110055  0 
 0.0107377 -0.0108554  0 
 0.0105895 -0.0107054  0 
 0.0104413 -0.0105553  0 
 0.0102932 -0.0104052  0 
 0.0101451 -0.0102551  0 
 0.00999709 -0.0101051  0 
 0.00984913 -0.00995498  0 
 0.00970124 -0.0098049  0 
 0.00955341 -0.00965483  0 
 0.00940565 -0.00950475  0 
 0.00925796 -0.00935468  0 
 0.00911035 -0.0092046  0 
 0.00896282 -0.00905453  0 
 0.00881538 -0.00890445  0 
 0.00866802 -0.00875438  0 
 0.00852075 -0.0086043  0 
 0.00837358 -0.00845423  0 
 0.00822651 -0.00830415  0 
 0.00807954 -0.00815408  0 
 0.0079327 -0.008004  0 
 0.00778597 -0.00785393  0 
 0.00763936 -0.00770385  0 
 0.00749289 -0.00755378  0 
 0.00734657 -0.0074037  0 
 0.00720039 -0.00725363  0 
 0.00707071 -0.00712005  0 
 0.00705398 -0.00710355  0 
 0.00690456 -0.00695348  0 
 0.00675518 -0.0068034  0 
 0.00660583 -0.00665333  0 
 0.00645651 -0.00650325  0 
 0.00630722 -0.00635318  0 
 0.00615797 -0.0062031  0 
 0.00600877 -0.00605303  0 
 0.0058596 -0.00590295  0 
 0.00571049 -0.00575288  0 
 0.00556142 -0.0056028  0 
 0.00541241 -0.00545273  0 
 0.00526346 -0.00530265  0 
 0.00511457 -0.00515258  0 
 0.00496575 -0.0050025  0 
 0.00481701 -0.00485243  0 
 0.00466836 -0.00470235  0 
 0.00451979 -0.00455228  0 
 0.00437133 -0.0044022  0 
 0.00422297 -0.00425213  0 
 0.00407474 -0.00410205  0 
 0.00392665 -0.00395198  0 
 0.00377871 -0.0038019  0 
 0.00363095 -0.00365183  0 
 0.00348338 -0.00350175  0 
 0.00333602 -0.00335168  0 
 0.00318892 -0.0032016  0 
 0.0030421 -0.00305153  0 
 0.0030303 -0.00303889  0 
 0.0028922 -0.00290145  0 
 0.00274201 -0.00275138  0 
 0.00259181 -0.0026013  0 
 0.00244159 -0.00245123  0 
 0.00229135 -0.00230115  0 
 0.00214109 -0.00215108  0 
 0.0019908 -0.002001  0 
 0.00184048 -0.00185093  0 
 0.00169012 -0.00170085  0 
 0.0015397 -0.00155078  0 
 0.0013892 -0.0014007  0 
 0.00123861 -0.00125063  0 
 0.00108787 -0.00110055  0 
 0.000936929 -0.000950475  0 
 0.000785664 -0.0008004  0 
 0.000633855 -0.000650325  0 
 0.000481021 -0.00050025  0 
 0.00032587 -0.000350175  0 

 0.0280888 -0.0288644  0 
 0.0279473 -0.0287144  0 
 0.027806 -0.0285643  0 
 0.0276647 -0.0284142  0 
 0.0275235 -0.0282641  0 
 0.0273825 -0.0281141  0 
 0.0272727 -0.0279971  0 
 0.0272408 -0.027964  0 
 0.0270967 -0.0278139  0 
 0.0269527 -0.0276638  0 
 0.0268088 -0.0275138  0 
 0.0266649 -0.0273637  0 
 0.0265211 -0.0272136  0 
 0.0263774 -0.0270635  0 
 0.0262337 -0.0269135  0 
 0.0260901 -0.0267634  0 
 0.0259466 -0.0266133  0 
 0.0258031 -0.0264632  0 
 0.0256598 -0.0263132  0 
 0.0255164 -0.0261631  0 
 0.0253732 -0.026013  0 
 0.02523 -0.0258629  0 
 0.0250869 -0.0257129  0 
 0.0249439 -0.0255628  0 
 0.0248009 -0.0254127  0 
 0.0246581 -0.0252626  0 
 0.0245153 -0.0251126  0 
 0.0243726 -0.0249625  0 
 0.02423 -0.0248124  0 
 0.0240874 -0.0246623  0 
 0.023945 -0.0245123  0 
 0.0238026 -0.0243622  0 
 0.0236603 -0.0242121  0 
 0.0235181 -0.024062  0 
 0.023376 -0.023912  0 
 0.023234 -0.0237619  0 
 0.023089 -0.0236118  0 
 0.0229439 -0.0234617  0 
 0.0227989 -0.0233117  0 
 0.022654 -0.0231616  0 
 0.0225091 -0.0230115  0 
 0.0223643 -0.0228614  0 
 0.0222196 -0.0227114  0 
 0.0220749 -0.0225613  0 
 0.0219303 -0.0224112  0 
 0.0217858 -0.0222611  0 
 0.0216414 -0.0221111  0 
 0.021497 -0.021961  0 
 0.0213527 -0.0218109  0 
 0.0212084 -0.0216608  0 
 0.0210643 -0.0215108  0 
 0.0209202 -0.0213607  0 
 0.0207762 -0.0212106  0 
 0.0206323 -0.0210605  0 
 0.0204884 -0.0209105  0 
 0.0203447 -0.0207604  0 
 0.020201 -0.0206103  0 
 0.0200575 -0.0204602  0 
 0.019914 -0.0203102  0 
 0.0197706 -0.0201601  0 
 0.0196273 -0.02001  0 
 0.0194841 -0.0198599  0 
 0.019341 -0.0197099  0 
 0.019198 -0.0195598  0 
 0.0191919 -0.0195534  0 
 0.0190519 -0.0194097  0 
 0.0189058 -0.0192596  0 
 0.0187597 -0.0191096  0 
 0.0186137 -0.0189595  0 
 0.0184678 -0.0188094  0 
 0.0183219 -0.0186593  0 
 0.0181761 -0.0185093  0 
 0.0180304 -0.0183592  0 
 0.0178847 -0.0182091  0 
 0.0177391 -0.018059  0 
 0.0175936 -0.017909  0 
 0.0174481 -0.0177589  0 
 0.0173027 -0.0176088  0 
 0.0171574 -0.0174587  0 
 0.0170122 -0.0173087  0 
 0.016867 -0.0171586  0 
 0.0167219 -0.0170085  0 
 0.016577 -0.0168584  0 
 0.0164321 -0.0167084  0 
 0.0162873 -0.0165583  0 
 0.0161425 -0.0164082  0 
 0.0159979 -0.0162581  0 
 0.0158534 -0.0161081  0 
 0.015709 -0.015958  0 
 0.0155646 -0.0158079  0 
 0.0154204 -0.0156578  0 
 0.0152763 -0.0155078  0 
 0.0151515 -0.0153775  0 
 0.0151319 -0.0153577  0 
 0.0149846 -0.0152076  0 
 0.0148374 -0.0150575  0 
 0.0146903 -0.0149075  0 
 0.0145432 -0.0147574  0 
 0.0143961 -0.0146073  0 

 0.0414574 -0.0431216  0 
 0.0413182 -0.0429715  0 
 0.0411791 -0.0428214  0 
 0.04104 -0.0426713  0 
 0.040901 -0.0425213  0 
 0.0407621 -0.0423712  0 
 0.0406232 -0.0422211  0 
 0.0404844 -0.042071  0 
 0.0403457 -0.041921  0 
 0.0402071 -0.0417709  0 
 0.0400685 -0.0416208  0 
 0.03993 -0.0414707  0 
 0.0397916 -0.0413207  0 
 0.0396532 -0.0411706  0 
 0.039515 -0.0410205  0 
 0.0393939 -0.040889  0 
 0.0393764 -0.0408704  0 
 0.0392354 -0.0407204  0 
 0.0390944 -0.0405703  0 
 0.0389534 -0.0404202  0 
 0.0388126 -0.0402701  0 
 0.0386718 -0.0401201  0 
 0.038531 -0.03997  0 
 0.0383903 -0.0398199  0 
 0.0382497 -0.0396698  0 
 0.0381092 -0.0395198  0 
 0.0379687 -0.0393697  0 
 0.0378283 -0.0392196  0 
 0.0376879 -0.0390695  0 
 0.0375476 -0.0389195  0 
 0.0374074 -0.0387694  0 
 0.0372673 -0.0386193  0 
 0.0371272 -0.0384692  0 
 0.0369872 -0.0383192  0 
 0.0368473 -0.0381691  0 
 0.0367074 -0.038019  0 
 0.0365676 -0.0378689  0 
 0.0364279 -0.0377189  0 
 0.0362883 -0.0375688  0 
 0.0361487 -0.0374187  0 
 0.0360092 -0.0372686  0 
 0.0358698 -0.0371186  0 
 0.0357304 -0.0369685  0 
 0.0355912 -0.0368184  0 
 0.035452 -0.0366683  0 
 0.0353535 -0.036562  0 
 0.035312 -0.0365183  0 
 0.03517 -0.0363682  0 
 0.0350281 -0.0362181  0 
 0.0348862 -0.036068  0 
 0.0347443 -0.035918  0 
 0.0346026 -0.0357679  0 
 0.0344609 -0.0356178  0 
 0.0343192 -0.0354677  0 
 0.0341776 -0.0353177  0 
 0.0340361 -0.0351676  0 
 0.0338947 -0.0350175  0 
 0.0337533 -0.0348674  0 
 0.033612 -0.0347174  0 
 0.0334708 -0.0345673  0 
 0.0333296 -0.0344172  0 
 0.0331885 -0.0342671  0 
 0.0330475 -0.0341171  0 
 0.0329065 -0.033967  0 
 0.0327656 -0.0338169  0 
 0.0326248 -0.0336668  0 
 0.0324841 -0.0335168  0 
 0.0323435 -0.0333667  0 
 0.0322029 -0.0332166  0 
 0.0320624 -0.0330665  0 
 0.031922 -0.0329165  0 
 0.0317816 -0.0327664  0 
 0.0316414 -0.0326163  0 
 0.0315012 -0.0324662  0 
 0.0313611 -0.0323162  0 
 0.0313131 -0.0322646  0 
 0.0312191 -0.0321661  0 
 0.0310761 -0.032016  0 
 0.0309332 -0.0318659  0 
 0.0307903 -0.0317159  0 
 0.0306475 -0.0315658  0 
 0.0305047 -0.0314157  0 
 0.0303621 -0.0312656  0 
 0.0302194 -0.0311156  0 
 0.0300769 -0.0309655  0 
 0.0299344 -0.0308154  0 
 0.029792 -0.0306653  0 
 0.0296497 -0.0305153  0 
 0.0295074 -0.0303652  0 
 0.0293652 -0.0302151  0 
 0.0292231 -0.030065  0 
 0.029081 -0.029915  0 
 0.028939 -0.0297649  0 
 0.0287971 -0.0296148  0 
 0.0286553 -0.0294647  0 
 0.0285135 -0.0293147  0 
 0.0283719 -0.0291646  0 
 0.0282303 -0.0290145  0 
 0.0280888 -0.0288644  0 

 0.0545423 -0.0573787  0 
 0.0544053 -0.0572286  0 
 0.0542684 -0.0570785  0 
 0.0541316 -0.0569285  0 
 0.0539949 -0.0567784  0 
 0.0538582 -0.0566283  0 
 0.0537216 -0.0564782  0 
 0.053585 -0.0563282  0 
 0.0534485 -0.0561781  0 
 0.0533121 -0.056028  0 
 0.0531757 -0.0558779  0 
 0.0530394 -0.0557279  0 
 0.0529031 -0.0555778  0 
 0.052767 -0.0554277  0 
 0.0526308 -0.0552776  0 
 0.0524948 -0.0551276  0 
 0.0523588 -0.0549775  0 
 0.0522229 -0.0548274  0 
 0.052087 -0.0546773  0 
 0.0519513 -0.0545273  0 
 0.0518155 -0.0543772  0 
 0.0516799 -0.0542271  0 
 0.0515443 -0.054077  0 
 0.0515152 -0.0540447  0 
 0.0514066 -0.053927  0 
 0.0512684 -0.0537769  0 
 0.0511303 -0.0536268  0 
 0.0509922 -0.0534767  0 
 0.0508541 -0.0533267  0 
 0.0507162 -0.0531766  0 
 0.0505783 -0.0530265  0 
 0.0504404 -0.0528764  0 
 0.0503026 -0.0527264  0 
 0.0501649 -0.0525763  0 
 0.0500272 -0.0524262  0 
 0.0498896 -0.0522761  0 
 0.0497521 -0.0521261  0 
 0.0496146 -0.051976  0 
 0.0494772 -0.0518259  0 
 0.0493398 -0.0516758  0 
 0.0492025 -0.0515258  0 
 0.0490653 -0.0513757  0 
 0.0489282 -0.0512256  0 
 0.0487911 -0.0510755  0 
 0.048654 -0.0509255  0 
 0.0485171 -0.0507754  0 
 0.0483802 -0.0506253  0 
 0.0482434 -0.0504752  0 
 0.0481066 -0.0503252  0 
 0.04797 -0.0501751  0 
 0.0478333 -0.050025  0 
 0.0476968 -0.0498749  0 
 0.0475603 -0.0497249  0 
 0.0474747 -0.0496306  0 
 0.0474229 -0.0495748  0 
 0.0472838 -0.0494247  0 
 0.0471447 -0.0492746  0 
 0.0470056 -0.0491246  0 
 0.0468667 -0.0489745  0 
 0.0467278 -0.0488244  0 
 0.0465889 -0.0486743  0 
 0.0464501 -0.0485243  0 
 0.0463114 -0.0483742  0 
 0.0461727 -0.0482241  0 
 0.0460341 -0.048074  0 
 0.0458956 -0.047924  0 
 0.0457571 -0.0477739  0 
 0.0456187 -0.0476238  0 
 0.0454804 -0.0474737  0 
 0.0453421 -0.0473237  0 
 0.0452039 -0.0471736  0 
 0.0450658 -0.0470235  0 
 0.0449277 -0.0468734  0 
 0.0447897 -0.0467234  0 
 0.0446518 -0.0465733  0 
 0.0445139 -0.0464232  0 
 0.0443761 -0.0462731  0 
 0.0442384 -0.0461231  0 
 0.0441007 -0.045973  0 
 0.0439631 -0.0458229  0 
 0.0438256 -0.0456728  0 
 0.0436882 -0.0455228  0 
 0.0435508 -0.0453727  0 
 0.0434343 -0.0452453  0 
 0.0434131 -0.0452226  0 
 0.043273 -0.0450725  0 
 0.043133 -0.0449225  0 
 0.042993 -0.0447724  0 
 0.0428531 -0.0446223  0 
 0.0427132 -0.0444722  0 
 0.0425734 -0.0443222  0 
 0.0424337 -0.0441721  0 
 0.042294 -0.044022  0 
 0.0421544 -0.0438719  0 
 0.0420149 -0.0437219  0 
 0.0418754 -0.0435718  0 
 0.041736 -0.0434217  0 
 0.0415967 -0.0432716  0 
 0.0414574 -0.0431216  0 

 0.0673651 -0.0716358  0 
 0.0672304 -0.0714857  0 
 0.0670958 -0.0713357  0 
 0.0669612 -0.0711856  0 
 0.0668267 -0.0710355  0 
 0.0666923 -0.0708854  0 
 0.0665579 -0.0707354  0 
 0.0664236 -0.0705853  0 
 0.0662893 -0.0704352  0 
 0.0661551 -0.0702851  0 
 0.0660209 -0.0701351  0 
 0.0658868 -0.069985  0 
 0.0657527 -0.0698349  0 
 0.0656187 -0.0696848  0 
 0.0654848 -0.0695348  0 
 0.0653509 -0.0693847  0 
 0.0652171 -0.0692346  0 
 0.0650834 -0.0690845  0 
 0.0649497 -0.0689345  0 
 0.064816 -0.0687844  0 
 0.0646825 -0.0686343  0 
 0.0645489 -0.0684842  0 
 0.0644155 -0.0683342  0 
 0.0642821 -0.0681841  0 
 0.0641488 -0.068034  0 
 0.0640155 -0.0678839  0 
 0.0638823 -0.0677339  0 
 0.0637491 -0.0675838  0 
 0.0636364 -0.0674566  0 
 0.0636157 -0.0674337  0 
 0.06348 -0.0672836  0 
 0.0633445 -0.0671336  0 
 0.063209 -0.0669835  0 
 0.0630735 -0.0668334  0 
 0.0629381 -0.0666833  0 
 0.0628028 -0.0665333  0 
 0.0626675 -0.0663832  0 
 0.0625322 -0.0662331  0 
 0.0623971 -0.066083  0 
 0.0622619 -0.065933  0 
 0.0621269 -0.0657829  0 
 0.0619919 -0.0656328  0 
 0.0618569 -0.0654827  0 
 0.0617221 -0.0653327  0 
 0.0615872 -0.0651826  0 
 0.0614525 -0.0650325  0 
 0.0613178 -0.0648824  0 
 0.0611831 -0.0647324  0 
 0.0610486 -0.0645823  0 
 0.060914 -0.0644322  0 
 0.0607796 -0.0642821  0 
 0.0606452 -0.0641321  0 
 0.0605109 -0.063982  0 
 0.0603766 -0.0638319  0 
 0.0602424 -0.0636818  0 
 0.0601082 -0.0635318  0 
 0.0599742 -0.0633817  0 
 0.0598401 -0.0632316  0 
 0.0597062 -0.0630815  0 
 0.059596 -0.0629579  0 
 0.0595718 -0.0629315  0 
 0.0594354 -0.0627814  0 
 0.0592989 -0.0626313  0 
 0.0591626 -0.0624812  0 
 0.0590263 -0.0623312  0 
 0.05889 -0.0621811  0 
 0.0587538 -0.062031  0 
 0.0586177 -0.0618809  0 
 0.0584816 -0.0617309  0 
 0.0583456 -0.0615808  0 
 0.0582096 -0.0614307  0 
 0.0580737 -0.0612806  0 
 0.0579379 -0.0611306  0 
 0.0578021 -0.0609805  0 
 0.0576664 -0.0608304  0 
 0.0575307 -0.0606803  0 
 0.0573951 -0.0605303  0 
 0.0572596 -0.0603802  0 
 0.0571241 -0.0602301  0 
 0.0569887 -0.06008  0 
 0.0568534 -0.05993  0 
 0.0567181 -0.0597799  0 
 0.0565829 -0.0596298  0 
 0.0564477 -0.0594797  0 
 0.0563126 -0.0593297  0 
 0.0561776 -0.0591796  0 
 0.0560426 -0.0590295  0 
 0.0559077 -0.0588794  0 
 0.0557729 -0.0587294  0 
 0.0556382 -0.0585793  0 
 0.0555556 -0.0584872  0 
 0.0555024 -0.0584292  0 
 0.0553651 -0.0582791  0 
 0.0552278 -0.0581291  0 
 0.0550906 -0.057979  0 
 0.0549534 -0.0578289  0 
 0.0548163 -0.0576788  0 
 0.0546792 -0.0575288  0 
 0.0545423 -0.0573787  0 

 0.0798131 -0.0857429  0 
 0.079798 -0.0857254  0 
 0.079681 -0.0855928  0 
 0.0795487 -0.0854427  0 
 0.0794164 -0.0852926  0 
 0.0792841 -0.0851426  0 
 0.0791519 -0.0849925  0 
 0.0790198 -0.0848424  0 
 0.0788877 -0.0846923  0 
 0.0787557 -0.0845423  0 
 0.0786237 -0.0843922  0 
 0.0784918 -0.0842421  0 
 0.0783599 -0.084092  0 
 0.0782281 -0.083942  0 
 0.0780963 -0.0837919  0 
 0.0779646 -0.0836418  0 
 0.077833 -0.0834917  0 
 0.0777014 -0.0833417  0 
 0.0775698 -0.0831916  0 
 0.0774383 -0.0830415  0 
 0.0773069 -0.0828914  0 
 0.0771755 -0.0827414  0 
 0.0770442 -0.0825913  0 
 0.0769129 -0.0824412  0 
 0.0767817 -0.0822911  0 
 0.0766505 -0.0821411  0 
 0.0765194 -0.081991  0 
 0.0763884 -0.0818409  0 
 0.0762574 -0.0816908  0 
 0.0761265 -0.0815408  0 
 0.0759956 -0.0813907  0 
 0.0758648 -0.0812406  0 
 0.0757576 -0.0811175  0 
 0.0757336 -0.0810905  0 
 0.0756004 -0.0809405  0 
 0.0754673 -0.0807904  0 
 0.0753343 -0.0806403  0 
 0.0752013 -0.0804902  0 
 0.0750683 -0.0803402  0 
 0.0749354 -0.0801901  0 
 0.0748026 -0.08004  0 
 0.0746698 -0.0798899  0 
 0.074537 -0.0797399  0 
 0.0744043 -0.0795898  0 
 0.0742717 -0.0794397  0 
 0.0741391 -0.0792896  0 
 0.0740066 -0.0791396  0 
 0.0738741 -0.0789895  0 
 0.0737417 -0.0788394  0 
 0.0736094 -0.0786893  0 
 0.0734771 -0.0785393  0 
 0.0733448 -0.0783892  0 
 0.0732127 -0.0782391  0 
 0.0730805 -0.078089  0 
 0.0729485 -0.077939  0 
 0.0728164 -0.0777889  0 
 0.0726845 -0.0776388  0 
 0.0725526 -0.0774887  0 
 0.0724207 -0.0773387  0 
 0.072289 -0.0771886  0 
 0.0721572 -0.0770385  0 
 0.0720256 -0.0768884  0 
 0.071894 -0.0767384  0 
 0.0717624 -0.0765883  0 
 0.0717172 -0.0765366  0 
 0.0716293 -0.0764382  0 
 0.0714954 -0.0762881  0 
 0.0713615 -0.0761381  0 
 0.0712276 -0.075988  0 
 0.0710938 -0.0758379  0 
 0.0709601 -0.0756878  0 
 0.0708264 -0.0755378  0 
 0.0706928 -0.0753877  0 
 0.0705593 -0.0752376  0 
 0.0704258 -0.0750875  0 
 0.0702923 -0.0749375  0 
 0.0701589 -0.0747874  0 
 0.0700256 -0.0746373  0 
 0.0698923 -0.0744872  0 
 0.0697591 -0.0743372  0 
 0.0696259 -0.0741871  0 
 0.0694928 -0.074037  0 
 0.0693597 -0.0738869  0 
 0.0692267 -0.0737369  0 
 0.0690938 -0.0735868  0 
 0.0689609 -0.0734367  0 
 0.0688281 -0.0732866  0 
 0.0686953 -0.0731366  0 
 0.0685626 -0.0729865  0 
 0.06843 -0.0728364  0 
 0.0682974 -0.0726863  0 
 0.0681649 -0.0725363  0 
 0.0680324 -0.0723862  0 
 0.0679 -0.0722361  0 
 0.0677677 -0.072086  0 
 0.0676768 -0.0719829  0 
 0.0676346 -0.071936  0 
 0.0674998 -0.0717859  0 
 0.0673651 -0.0716358  0 

 0.0921678 -0.1  0 
 0.0920399 -0.0998499  0 
 0.0919192 -0.0997083  0 
 0.0919119 -0.0996998  0 
 0.0917818 -0.0995498  0 
 0.0916517 -0.0993997  0 
 0.0915217 -0.0992496  0 
 0.0913917 -0.0990995  0 
 0.0912618 -0.0989495  0 
 0.0911319 -0.0987994  0 
 0.0910021 -0.0986493  0 
 0.0908723 -0.0984992  0 
 0.0907426 -0.0983492  0 
 0.0906129 -0.0981991  0 
 0.0904832 -0.098049  0 
 0.0903537 -0.0978989  0 
 0.0902241 -0.0977489  0 
 0.0900947 -0.0975988  0 
 0.0899652 -0.0974487  0 
 0.0898359 -0.0972986  0 
 0.0897065 -0.0971486  0 
 0.0895773 -0.0969985  0 
 0.0894481 -0.0968484  0 
 0.0893189 -0.0966983  0 
 0.0891898 -0.0965483  0 
 0.0890607 -0.0963982  0 
 0.0889317 -0.0962481  0 
 0.0888027 -0.096098  0 
 0.0886738 -0.095948  0 
 0.088545 -0.0957979  0 
 0.0884162 -0.0956478  0 
 0.0882874 -0.0954977  0 
 0.0881587 -0.0953477  0 
 0.0880301 -0.0951976  0 
 0.0879015 -0.0950475  0 
 0.0878788 -0.095021  0 
 0.0877711 -0.0948974  0 
 0.0876402 -0.0947474  0 
 0.0875095 -0.0945973  0 
 0.0873787 -0.0944472  0 
 0.0872481 -0.0942971  0 
 0.0871174 -0.0941471  0 
 0.0869869 -0.093997  0 
 0.0868563 -0.0938469  0 
 0.0867259 -0.0936968  0 
 0.0865955 -0.0935468  0 
 0.0864651 -0.0933967  0 
 0.0863348 -0.0932466  0 
 0.0862045 -0.0930965  0 
 0.0860743 -0.0929465  0 
 0.0859441 -0.0927964  0 
 0.085814 -0.0926463  0 
 0.085684 -0.0924962  0 
 0.0855539 -0.0923462  0 
 0.085424 -0.0921961  0 
 0.0852941 -0.092046  0 
 0.0851642 -0.0918959  0 
 0.0850344 -0.0917459  0 
 0.0849047 -0.0915958  0 
 0.084775 -0.0914457  0 
 0.0846454 -0.0912956  0 
 0.0845158 -0.0911456  0 
 0.0843863 -0.0909955  0 
 0.0842568 -0.0908454  0 
 0.0841274 -0.0906953  0 
 0.083998 -0.0905453  0 
 0.0838687 -0.0903952  0 
 0.0838384 -0.0903599  0 
 0.0837377 -0.0902451  0 
 0.0836061 -0.090095  0 
 0.0834746 -0.089945  0 
 0.0833431 -0.0897949  0 
 0.0832117 -0.0896448  0 
 0.0830803 -0.0894947  0 
 0.082949 -0.0893447  0 
 0.0828177 -0.0891946  0 
 0.0826865 -0.0890445  0 
 0.0825553 -0.0888944  0 
 0.0824242 -0.0887444  0 
 0.0822931 -0.0885943  0 
 0.0821621 -0.0884442  0 
 0.0820311 -0.0882941  0 
 0.0819002 -0.0881441  0 
 0.0817694 -0.087994  0 
 0.0816386 -0.0878439  0 
 0.0815078 -0.0876938  0 
 0.0813771 -0.0875438  0 
 0.0812465 -0.0873937  0 
 0.0811159 -0.0872436  0 
 0.0809854 -0.0870935  0 
 0.0808549 -0.0869435  0 
 0.0807245 -0.0867934  0 
 0.0805941 -0.0866433  0 
 0.0804638 -0.0864932  0 
 0.0803336 -0.0863432  0 
 0.0802034 -0.0861931  0 
 0.0800732 -0.086043  0 
 0.0799431 -0.0858929  0 
 0.0798131 -0.0857429  0 

