-0.472438 -1.28529
-0.478788 -1.28678
-0.50728 -1.29129
-0.521212 -1.29348
-0.563636 -1.2966
-0.606061 -1.29589

 0.173168 -0.786787
 0.169316 -0.792793
 0.165384 -0.798799
 0.161372 -0.804805
 0.157576 -0.810378
 0.157293 -0.810811
 0.153299 -0.816817
 0.149229 -0.822823
 0.145082 -0.828829
 0.140858 -0.834835
 0.136558 -0.840841
 0.132182 -0.846847
 0.127729 -0.852853
 0.1232 -0.858859
 0.118594 -0.864865
 0.115152 -0.869281
 0.113949 -0.870871
 0.109334 -0.876877
 0.104645 -0.882883
 0.0998812 -0.888889
 0.0950435 -0.894895
 0.0901317 -0.900901
 0.0851458 -0.906907
 0.0800857 -0.912913
 0.0749515 -0.918919
 0.0727273 -0.921484
 0.0697988 -0.924925
 0.064615 -0.930931
 0.0593583 -0.936937
 0.0540289 -0.942943
 0.0486268 -0.948949
 0.0431519 -0.954955
 0.0376042 -0.960961
 0.0319838 -0.966967
 0.030303 -0.96874
 0.0263216 -0.972973
 0.0206002 -0.978979
 0.0148066 -0.984985
 0.00894076 -0.990991
 0.00300276 -0.996997
-0.00300744 -1.003
-0.00908984 -1.00901
-0.0121212 -1.01197
-0.0152541 -1.01502
-0.0215002 -1.02102
-0.0278187 -1.02703
-0.0342096 -1.03303
-0.0406729 -1.03904
-0.0472086 -1.04505
-0.0538168 -1.05105
-0.0545455 -1.05171
-0.0605815 -1.05706
-0.0674299 -1.06306
-0.0743518 -1.06907
-0.0813471 -1.07508
-0.0884159 -1.08108
-0.0955581 -1.08709
-0.0969697 -1.08826
-0.102923 -1.09309
-0.1104 -1.0991
-0.117953 -1.10511
-0.12558 -1.11111
-0.133283 -1.11712
-0.139394 -1.12184
-0.141126 -1.12312
-0.149282 -1.12913
-0.157516 -1.13514
-0.165828 -1.14114
-0.174218 -1.14715
-0.181818 -1.15254
-0.182733 -1.15315
-0.191732 -1.15916
-0.200813 -1.16517
-0.209976 -1.17117
-0.219222 -1.17718
-0.224242 -1.18041
-0.22885 -1.18318
-0.238917 -1.18919
-0.249071 -1.1952
-0.259314 -1.2012
-0.266667 -1.20548
-0.269914 -1.20721
-0.281274 -1.21321
-0.292731 -1.21922
-0.304284 -1.22523
-0.309091 -1.2277
-0.316734 -1.23123
-0.329853 -1.23724
-0.34308 -1.24324
-0.351515 -1.24704
-0.357167 -1.24925
-0.372672 -1.25526
-0.388301 -1.26126
-0.393939 -1.26341
-0.406156 -1.26727
-0.425332 -1.27327
-0.436364 -1.2767
-0.447138 -1.27928
-0.472438 -1.28529

 0.178797 -0.222222
 0.182449 -0.228228
 0.186022 -0.234234
 0.189515 -0.24024
 0.192928 -0.246246
 0.196261 -0.252252
 0.199514 -0.258258
 0.2 -0.259178
 0.202848 -0.264264
 0.206126 -0.27027
 0.20932 -0.276276
 0.212429 -0.282282
 0.215454 -0.288288
 0.218394 -0.294294
 0.221249 -0.3003
 0.22402 -0.306306
 0.226706 -0.312312
 0.229307 -0.318318
 0.231824 -0.324324
 0.234257 -0.33033
 0.236604 -0.336336
 0.238867 -0.342342
 0.241046 -0.348348
 0.242424 -0.352302
 0.243196 -0.354354
 0.245362 -0.36036
 0.247437 -0.366366
 0.24942 -0.372372
 0.251313 -0.378378
 0.253114 -0.384384
 0.254824 -0.39039
 0.256443 -0.396396
 0.25797 -0.402402
 0.259407 -0.408408
 0.260752 -0.414414
 0.262006 -0.42042
 0.263169 -0.426426
 0.264241 -0.432432
 0.265221 -0.438438
 0.26611 -0.444444
 0.266908 -0.45045
 0.267615 -0.456456
 0.268231 -0.462462
 0.268755 -0.468468
 0.269188 -0.474474
 0.26953 -0.48048
 0.269781 -0.486486
 0.269941 -0.492492
 0.270009 -0.498498
 0.269986 -0.504505
 0.269872 -0.510511
 0.269667 -0.516517
 0.269371 -0.522523
 0.268983 -0.528529
 0.268504 -0.534535
 0.267934 -0.540541
 0.267273 -0.546547
 0.266521 -0.552553
 0.265677 -0.558559
 0.264742 -0.564565
 0.263716 -0.570571
 0.262599 -0.576577
 0.261391 -0.582583
 0.260091 -0.588589
 0.2587 -0.594595
 0.257218 -0.600601
 0.255645 -0.606607
 0.25398 -0.612613
 0.252225 -0.618619
 0.250378 -0.624625
 0.24844 -0.630631
 0.246411 -0.636637
 0.24429 -0.642643
 0.242424 -0.64771
 0.242104 -0.648649
 0.239967 -0.654655
 0.237746 -0.660661
 0.235441 -0.666667
 0.233051 -0.672673
 0.230576 -0.678679
 0.228017 -0.684685
 0.225373 -0.690691
 0.222645 -0.696697
 0.219832 -0.702703
 0.216934 -0.708709
 0.213952 -0.714715
 0.210885 -0.720721
 0.207734 -0.726727
 0.204498 -0.732733
 0.201177 -0.738739
 0.2 -0.740815
 0.197897 -0.744745
 0.194604 -0.750751
 0.191231 -0.756757
 0.187778 -0.762763
 0.184245 -0.768769
 0.180633 -0.774775
 0.17694 -0.780781
 0.173168 -0.786787

-0.459764  0.282282
-0.436364  0.276706
-0.434976  0.276276
-0.415725  0.27027
-0.396624  0.264264
-0.393939  0.263414
-0.380471  0.258258
-0.364904  0.252252
-0.351515  0.247045
-0.349734  0.246246
-0.336453  0.24024
-0.32328  0.234234
-0.310214  0.228228
-0.309091  0.227708
-0.298496  0.222222
-0.286991  0.216216
-0.275582  0.21021
-0.266667  0.205477
-0.264468  0.204204
-0.254181  0.198198
-0.243983  0.192192
-0.233872  0.186186
-0.224242  0.180415
-0.223875  0.18018
-0.214589  0.174174
-0.205384  0.168168
-0.196262  0.162162
-0.187222  0.156156
-0.181818  0.152533
-0.178443  0.15015
-0.170013  0.144144
-0.161662  0.138138
-0.153389  0.132132
-0.145194  0.126126
-0.139394  0.121834
-0.137163  0.12012
-0.129422  0.114114
-0.121757  0.108108
-0.114167  0.102102
-0.106652  0.0960961
-0.0992131  0.0900901
-0.0969697  0.0882603
-0.0919778  0.0840841
-0.0848724  0.0780781
-0.0778403  0.0720721
-0.0708817  0.0660661
-0.0639965  0.0600601
-0.0571848  0.0540541
-0.0545455  0.0517015
-0.0505037  0.048048
-0.0439317  0.042042
-0.0374322  0.036036
-0.0310051  0.03003
-0.0246504  0.024024
-0.0183681  0.018018
-0.0121582  0.012012
-0.00603961  0.00600601
 6.68302e-06 0 
 0.00598079 -0.00600601
 0.0118827 -0.012012
 0.0177124 -0.018018
 0.0234699 -0.024024
 0.0291553 -0.03003
 0.030303 -0.0312581
 0.0348031 -0.036036
 0.0403872 -0.042042
 0.0458984 -0.048048
 0.051337 -0.0540541
 0.0567027 -0.0600601
 0.0619957 -0.0660661
 0.067216 -0.0720721
 0.0723635 -0.0780781
 0.0727273 -0.0785086
 0.0775279 -0.0840841
 0.082625 -0.0900901
 0.087648 -0.0960961
 0.0925969 -0.102102
 0.0974716 -0.108108
 0.102272 -0.114114
 0.106999 -0.12012
 0.111651 -0.126126
 0.115152 -0.130718
 0.116263 -0.132132
 0.120907 -0.138138
 0.125474 -0.144144
 0.129965 -0.15015
 0.13438 -0.156156
 0.138718 -0.162162
 0.142979 -0.168168
 0.147165 -0.174174
 0.151273 -0.18018
 0.155306 -0.186186
 0.157576 -0.189632
 0.159337 -0.192192
 0.163388 -0.198198
 0.16736 -0.204204
 0.171252 -0.21021
 0.175064 -0.216216
 0.178797 -0.222222

-1.06994 -0.192192
-1.06833 -0.186186
-1.06669 -0.18018
-1.06502 -0.174174
-1.06331 -0.168168
-1.06158 -0.162162
-1.05981 -0.156156
-1.05801 -0.15015
-1.05618 -0.144144
-1.05432 -0.138138
-1.05243 -0.132132
-1.05051 -0.126126
-1.04856 -0.12012
-1.04657 -0.114114
-1.04456 -0.108108
-1.04251 -0.102102
-1.04043 -0.0960961
-1.03832 -0.0900901
-1.03618 -0.0840841
-1.03401 -0.0780781
-1.03181 -0.0720721
-1.0303 -0.0680239
-1.02948 -0.0660661
-1.02693 -0.0600601
-1.02434 -0.0540541
-1.02172 -0.048048
-1.01906 -0.042042
-1.01636 -0.036036
-1.01363 -0.03003
-1.01087 -0.024024
-1.00807 -0.018018
-1.00523 -0.012012
-1.00237 -0.00600601
-0.999461 0 
-0.996521  0.00600601
-0.993546  0.012012
-0.990536  0.018018
-0.987879  0.0232585
-0.987437  0.024024
-0.983927  0.03003
-0.980377  0.036036
-0.976788  0.042042
-0.973158  0.048048
-0.969488  0.0540541
-0.965779  0.0600601
-0.962029  0.0660661
-0.958239  0.0720721
-0.95441  0.0780781
-0.95054  0.0840841
-0.946631  0.0900901
-0.945455  0.0918784
-0.942254  0.0960961
-0.93765  0.102102
-0.933  0.108108
-0.928304  0.114114
-0.923562  0.12012
-0.918773  0.126126
-0.913938  0.132132
-0.909058  0.138138
-0.904131  0.144144
-0.90303  0.145473
-0.89849  0.15015
-0.892605  0.156156
-0.886667  0.162162
-0.880674  0.168168
-0.874627  0.174174
-0.868526  0.18018
-0.862371  0.186186
-0.860606  0.187893
-0.855288  0.192192
-0.847793  0.198198
-0.840233  0.204204
-0.832609  0.21021
-0.82492  0.216216
-0.818182  0.221436
-0.816933  0.222222
-0.807317  0.228228
-0.797621  0.234234
-0.787846  0.24024
-0.777991  0.246246
-0.775758  0.247596
-0.76591  0.252252
-0.753105  0.258258
-0.740198  0.264264
-0.733333  0.267433
-0.72499  0.27027
-0.707189  0.276276
-0.690909  0.281727
-0.688407  0.282282
-0.661139  0.288288
-0.648485  0.291054
-0.620134  0.294294
-0.606061  0.295891
-0.563636  0.296598
-0.532205  0.294294
-0.521212  0.293482
-0.488272  0.288288
-0.478788  0.286781
-0.459764  0.282282

-1.07767 -0.774775
-1.07893 -0.768769
-1.08016 -0.762763
-1.08136 -0.756757
-1.08254 -0.750751
-1.08369 -0.744745
-1.08481 -0.738739
-1.0859 -0.732733
-1.08697 -0.726727
-1.088 -0.720721
-1.08901 -0.714715
-1.09 -0.708709
-1.09095 -0.702703
-1.09188 -0.696697
-1.09277 -0.690691
-1.09364 -0.684685
-1.09449 -0.678679
-1.0953 -0.672673
-1.09609 -0.666667
-1.09685 -0.660661
-1.09758 -0.654655
-1.09828 -0.648649
-1.09896 -0.642643
-1.0996 -0.636637
-1.10022 -0.630631
-1.10081 -0.624625
-1.10138 -0.618619
-1.10191 -0.612613
-1.10242 -0.606607
-1.1029 -0.600601
-1.10336 -0.594595
-1.10378 -0.588589
-1.10418 -0.582583
-1.10455 -0.576577
-1.10489 -0.570571
-1.1052 -0.564565
-1.10549 -0.558559
-1.10574 -0.552553
-1.10597 -0.546547
-1.10618 -0.540541
-1.10635 -0.534535
-1.1065 -0.528529
-1.10661 -0.522523
-1.1067 -0.516517
-1.10677 -0.510511
-1.1068 -0.504505
-1.10681 -0.498498
-1.10679 -0.492492
-1.10674 -0.486486
-1.10666 -0.48048
-1.10656 -0.474474
-1.10643 -0.468468
-1.10627 -0.462462
-1.10608 -0.456456
-1.10586 -0.45045
-1.10562 -0.444444
-1.10535 -0.438438
-1.10505 -0.432432
-1.10472 -0.426426
-1.10437 -0.42042
-1.10398 -0.414414
-1.10357 -0.408408
-1.10313 -0.402402
-1.10267 -0.396396
-1.10217 -0.39039
-1.10165 -0.384384
-1.1011 -0.378378
-1.10052 -0.372372
-1.09992 -0.366366
-1.09928 -0.36036
-1.09862 -0.354354
-1.09793 -0.348348
-1.09722 -0.342342
-1.09647 -0.336336
-1.0957 -0.33033
-1.0949 -0.324324
-1.09407 -0.318318
-1.09321 -0.312312
-1.09233 -0.306306
-1.09142 -0.3003
-1.09048 -0.294294
-1.08951 -0.288288
-1.08851 -0.282282
-1.08749 -0.276276
-1.08644 -0.27027
-1.08536 -0.264264
-1.08425 -0.258258
-1.08312 -0.252252
-1.08195 -0.246246
-1.08076 -0.24024
-1.07954 -0.234234
-1.0783 -0.228228
-1.07702 -0.222222
-1.07572 -0.216216
-1.07439 -0.21021
-1.07304 -0.204204
-1.07273 -0.202869
-1.07152 -0.198198
-1.06994 -0.192192

-0.606061 -1.29589
-0.646461 -1.29129
-0.648485 -1.29106
-0.674799 -1.28529
-0.690909 -1.28172
-0.698237 -1.27928
-0.716107 -1.27327
-0.733333 -1.26744
-0.733706 -1.26727
-0.746664 -1.26126
-0.75952 -1.25526
-0.772275 -1.24925
-0.775758 -1.2476
-0.782928 -1.24324
-0.792743 -1.23724
-0.802479 -1.23123
-0.812135 -1.22523
-0.818182 -1.22143
-0.821051 -1.21922
-0.828773 -1.21321
-0.836429 -1.20721
-0.844021 -1.2012
-0.851548 -1.1952
-0.859011 -1.18919
-0.860606 -1.18789
-0.865455 -1.18318
-0.871583 -1.17718
-0.877657 -1.17117
-0.883677 -1.16517
-0.889643 -1.15916
-0.895554 -1.15315
-0.901412 -1.14715
-0.90303 -1.14547
-0.9066 -1.14114
-0.911504 -1.13514
-0.916362 -1.12913
-0.921173 -1.12312
-0.925938 -1.11712
-0.930658 -1.11111
-0.935331 -1.10511
-0.939958 -1.0991
-0.944539 -1.09309
-0.945455 -1.09188
-0.94859 -1.08709
-0.95248 -1.08108
-0.95633 -1.07508
-0.960139 -1.06907
-0.963909 -1.06306
-0.967638 -1.05706
-0.971328 -1.05105
-0.974978 -1.04505
-0.978587 -1.03904
-0.982157 -1.03303
-0.985687 -1.02703
-0.987879 -1.02325
-0.989018 -1.02102
-0.992045 -1.01502
-0.995038 -1.00901
-0.997995 -1.003
-1.00092 -0.996997
-1.0038 -0.990991
-1.00666 -0.984985
-1.00947 -0.978979
-1.01226 -0.972973
-1.015 -0.966967
-1.01771 -0.960961
-1.02039 -0.954955
-1.02303 -0.948949
-1.02564 -0.942943
-1.02821 -0.936937
-1.0303 -0.931979
-1.0307 -0.930931
-1.03291 -0.924925
-1.0351 -0.918919
-1.03726 -0.912913
-1.03938 -0.906907
-1.04147 -0.900901
-1.04354 -0.894895
-1.04557 -0.888889
-1.04757 -0.882883
-1.04954 -0.876877
-1.05148 -0.870871
-1.05338 -0.864865
-1.05526 -0.858859
-1.0571 -0.852853
-1.05892 -0.846847
-1.0607 -0.840841
-1.06245 -0.834835
-1.06417 -0.828829
-1.06586 -0.822823
-1.06751 -0.816817
-1.06914 -0.810811
-1.07074 -0.804805
-1.0723 -0.798799
-1.07273 -0.797129
-1.07372 -0.792793
-1.07506 -0.786787
-1.07638 -0.780781
-1.07767 -0.774775

 1.78464  1.53754
 1.78749  1.54354
 1.79034  1.54955
 1.7932  1.55556
 1.79606  1.56156
 1.79894  1.56757
 1.80182  1.57357
 1.80472  1.57958
 1.80762  1.58559
 1.81053  1.59159
 1.81212  1.59487
 1.81338  1.5976
 1.81616  1.6036
 1.81894  1.60961
 1.82174  1.61562
 1.82454  1.62162
 1.82735  1.62763
 1.83016  1.63363
 1.83299  1.63964
 1.83582  1.64565
 1.83866  1.65165
 1.84151  1.65766
 1.84437  1.66366
 1.84724  1.66967
 1.85011  1.67568
 1.85299  1.68168
 1.85455  1.68492
 1.85581  1.68769
 1.85857  1.69369
 1.86133  1.6997
 1.8641  1.70571
 1.86687  1.71171
 1.86966  1.71772
 1.87245  1.72372
 1.87525  1.72973
 1.87805  1.73574
 1.88087  1.74174
 1.88369  1.74775
 1.88652  1.75375
 1.88936  1.75976
 1.8922  1.76577
 1.89505  1.77177
 1.89697  1.7758
 1.89787  1.77778
 1.9006  1.78378
 1.90333  1.78979
 1.90608  1.7958
 1.90883  1.8018
 1.91158  1.80781
 1.91435  1.81381
 1.91712  1.81982
 1.9199  1.82583
 1.92269  1.83183
 1.92548  1.83784
 1.92828  1.84384
 1.93109  1.84985
 1.93391  1.85586
 1.93673  1.86186
 1.93939  1.86752
 1.93955  1.86787
 1.94225  1.87387
 1.94497  1.87988
 1.94768  1.88589
 1.95041  1.89189
 1.95314  1.8979
 1.95588  1.9039
 1.95862  1.90991
 1.96137  1.91592
 1.96413  1.92192
 1.9669  1.92793
 1.96967  1.93393
 1.97245  1.93994
 1.97524  1.94595
 1.97803  1.95195
 1.98083  1.95796
 1.98182  1.96008
 1.98355  1.96396
 1.98624  1.96997
 1.98893  1.97598
 1.99163  1.98198
 1.99433  1.98799
 1.99704  1.99399
 1.99976  2

 1.51515  0.987666
 1.51678  0.990991
 1.51973  0.996997
 1.52269  1.003
 1.52567  1.00901
 1.52865  1.01502
 1.53165  1.02102
 1.53466  1.02703
 1.53768  1.03303
 1.54072  1.03904
 1.54376  1.04505
 1.54682  1.05105
 1.54989  1.05706
 1.55297  1.06306
 1.55606  1.06907
 1.55758  1.07199
 1.55907  1.07508
 1.562  1.08108
 1.56494  1.08709
 1.56788  1.09309
 1.57084  1.0991
 1.57381  1.10511
 1.5768  1.11111
 1.57979  1.11712
 1.58279  1.12312
 1.58581  1.12913
 1.58883  1.13514
 1.59187  1.14114
 1.59492  1.14715
 1.59798  1.15315
 1.6  1.1571
 1.60099  1.15916
 1.60389  1.16517
 1.6068  1.17117
 1.60972  1.17718
 1.61265  1.18318
 1.61559  1.18919
 1.61854  1.1952
 1.62151  1.2012
 1.62448  1.20721
 1.62746  1.21321
 1.63046  1.21922
 1.63346  1.22523
 1.63648  1.23123
 1.6395  1.23724
 1.64242  1.24302
 1.64253  1.24324
 1.6454  1.24925
 1.64829  1.25526
 1.65118  1.26126
 1.65408  1.26727
 1.65699  1.27327
 1.65991  1.27928
 1.66284  1.28529
 1.66578  1.29129
 1.66874  1.2973
 1.6717  1.3033
 1.67467  1.30931
 1.67765  1.31532
 1.68064  1.32132
 1.68364  1.32733
 1.68485  1.32974
 1.68655  1.33333
 1.6894  1.33934
 1.69226  1.34535
 1.69514  1.35135
 1.69802  1.35736
 1.70091  1.36336
 1.70381  1.36937
 1.70671  1.37538
 1.70963  1.38138
 1.71256  1.38739
 1.7155  1.39339
 1.71844  1.3994
 1.7214  1.40541
 1.72436  1.41141
 1.72727  1.41729
 1.72733  1.41742
 1.73016  1.42342
 1.73299  1.42943
 1.73583  1.43544
 1.73868  1.44144
 1.74154  1.44745
 1.7444  1.45345
 1.74728  1.45946
 1.75016  1.46547
 1.75306  1.47147
 1.75596  1.47748
 1.75887  1.48348
 1.76179  1.48949
 1.76472  1.4955
 1.76766  1.5015
 1.7697  1.50566
 1.77055  1.50751
 1.77336  1.51351
 1.77616  1.51952
 1.77898  1.52553
 1.78181  1.53153
 1.78464  1.53754

 1.22957  0.438438
 1.23271  0.444444
 1.23586  0.45045
 1.23903  0.456456
 1.24223  0.462462
 1.24544  0.468468
 1.24867  0.474474
 1.25193  0.48048
 1.2552  0.486486
 1.2585  0.492492
 1.26061  0.496318
 1.26171  0.498498
 1.26477  0.504505
 1.26785  0.510511
 1.27095  0.516517
 1.27407  0.522523
 1.2772  0.528529
 1.28035  0.534535
 1.28353  0.540541
 1.28672  0.546547
 1.28992  0.552553
 1.29315  0.558559
 1.2964  0.564565
 1.29966  0.570571
 1.30294  0.576577
 1.30303  0.57674
 1.30599  0.582583
 1.30905  0.588589
 1.31213  0.594595
 1.31522  0.600601
 1.31833  0.606607
 1.32146  0.612613
 1.32461  0.618619
 1.32777  0.624625
 1.33095  0.630631
 1.33414  0.636637
 1.33735  0.642643
 1.34058  0.648649
 1.34383  0.654655
 1.34545  0.657645
 1.34697  0.660661
 1.35001  0.666667
 1.35306  0.672673
 1.35613  0.678679
 1.35921  0.684685
 1.36231  0.690691
 1.36542  0.696697
 1.36855  0.702703
 1.3717  0.708709
 1.37486  0.714715
 1.37804  0.720721
 1.38123  0.726727
 1.38444  0.732733
 1.38766  0.738739
 1.38788  0.739137
 1.39069  0.744745
 1.39371  0.750751
 1.39675  0.756757
 1.3998  0.762763
 1.40287  0.768769
 1.40595  0.774775
 1.40905  0.780781
 1.41216  0.786787
 1.41528  0.792793
 1.41842  0.798799
 1.42158  0.804805
 1.42475  0.810811
 1.42793  0.816817
 1.4303  0.821271
 1.43107  0.822823
 1.43407  0.828829
 1.43707  0.834835
 1.44009  0.840841
 1.44313  0.846847
 1.44617  0.852853
 1.44923  0.858859
 1.45231  0.864865
 1.4554  0.870871
 1.4585  0.876877
 1.46161  0.882883
 1.46474  0.888889
 1.46788  0.894895
 1.47104  0.900901
 1.47273  0.904101
 1.47411  0.906907
 1.47708  0.912913
 1.48007  0.918919
 1.48307  0.924925
 1.48608  0.930931
 1.4891  0.936937
 1.49214  0.942943
 1.49519  0.948949
 1.49825  0.954955
 1.50133  0.960961
 1.50441  0.966967
 1.50751  0.972973
 1.51063  0.978979
 1.51375  0.984985
 1.51515  0.987666

 0.947052 -0.108108
 0.949901 -0.102102
 0.952793 -0.0960961
 0.955729 -0.0900901
 0.958708 -0.0840841
 0.96173 -0.0780781
 0.963636 -0.0743439
 0.964647 -0.0720721
 0.967357 -0.0660661
 0.970104 -0.0600601
 0.97289 -0.0540541
 0.975713 -0.048048
 0.978574 -0.042042
 0.981472 -0.036036
 0.984409 -0.03003
 0.987383 -0.024024
 0.990395 -0.018018
 0.993445 -0.012012
 0.996532 -0.00600601
 0.999657 0 
 1.00282  0.00600601
 1.00602  0.012012
 1.00606  0.0120851
 1.00888  0.018018
 1.01177  0.024024
 1.01469  0.03003
 1.01765  0.036036
 1.02064  0.042042
 1.02366  0.048048
 1.02672  0.0540541
 1.0298  0.0600601
 1.03293  0.0660661
 1.03608  0.0720721
 1.03927  0.0780781
 1.04249  0.0840841
 1.04575  0.0900901
 1.04848  0.0950891
 1.04898  0.0960961
 1.05193  0.102102
 1.05492  0.108108
 1.05794  0.114114
 1.06098  0.12012
 1.06406  0.126126
 1.06717  0.132132
 1.0703  0.138138
 1.07347  0.144144
 1.07666  0.15015
 1.07989  0.156156
 1.08314  0.162162
 1.08642  0.168168
 1.08974  0.174174
 1.09091  0.17628
 1.09286  0.18018
 1.09588  0.186186
 1.09894  0.192192
 1.10202  0.198198
 1.10513  0.204204
 1.10826  0.21021
 1.11142  0.216216
 1.11461  0.222222
 1.11782  0.228228
 1.12106  0.234234
 1.12433  0.24024
 1.12762  0.246246
 1.13094  0.252252
 1.13333  0.256547
 1.1342  0.258258
 1.13724  0.264264
 1.14032  0.27027
 1.14341  0.276276
 1.14653  0.282282
 1.14968  0.288288
 1.15285  0.294294
 1.15604  0.3003
 1.15926  0.306306
 1.1625  0.312312
 1.16576  0.318318
 1.16905  0.324324
 1.17237  0.33033
 1.1757  0.336336
 1.17576  0.336431
 1.17877  0.342342
 1.18184  0.348348
 1.18494  0.354354
 1.18807  0.36036
 1.19121  0.366366
 1.19438  0.372372
 1.19756  0.378378
 1.20077  0.384384
 1.204  0.39039
 1.20726  0.396396
 1.21053  0.402402
 1.21383  0.408408
 1.21715  0.414414
 1.21818  0.416271
 1.22029  0.42042
 1.22337  0.426426
 1.22646  0.432432
 1.22957  0.438438

 0.865725 -0.684685
 0.863917 -0.678679
 0.862168 -0.672673
 0.860479 -0.666667
 0.85885 -0.660661
 0.857281 -0.654655
 0.855771 -0.648649
 0.854321 -0.642643
 0.852931 -0.636637
 0.851601 -0.630631
 0.850331 -0.624625
 0.84912 -0.618619
 0.847969 -0.612613
 0.846878 -0.606607
 0.845847 -0.600601
 0.844876 -0.594595
 0.843964 -0.588589
 0.843112 -0.582583
 0.84232 -0.576577
 0.841588 -0.570571
 0.840915 -0.564565
 0.840302 -0.558559
 0.839749 -0.552553
 0.839256 -0.546547
 0.838823 -0.540541
 0.838449 -0.534535
 0.838135 -0.528529
 0.837881 -0.522523
 0.837687 -0.516517
 0.837552 -0.510511
 0.837477 -0.504505
 0.837463 -0.498498
 0.837507 -0.492492
 0.837612 -0.486486
 0.837776 -0.48048
 0.838001 -0.474474
 0.838285 -0.468468
 0.838628 -0.462462
 0.839032 -0.456456
 0.839495 -0.45045
 0.840018 -0.444444
 0.840601 -0.438438
 0.841244 -0.432432
 0.841946 -0.426426
 0.842709 -0.42042
 0.843531 -0.414414
 0.844412 -0.408408
 0.845354 -0.402402
 0.846355 -0.396396
 0.847416 -0.39039
 0.848537 -0.384384
 0.849718 -0.378378
 0.850959 -0.372372
 0.852259 -0.366366
 0.853619 -0.36036
 0.855039 -0.354354
 0.856518 -0.348348
 0.858058 -0.342342
 0.859657 -0.336336
 0.861316 -0.33033
 0.863035 -0.324324
 0.864813 -0.318318
 0.866652 -0.312312
 0.86855 -0.306306
 0.870508 -0.3003
 0.872526 -0.294294
 0.874603 -0.288288
 0.87674 -0.282282
 0.878788 -0.276685
 0.878914 -0.276276
 0.880818 -0.27027
 0.882772 -0.264264
 0.884777 -0.258258
 0.886832 -0.252252
 0.888938 -0.246246
 0.891094 -0.24024
 0.8933 -0.234234
 0.895557 -0.228228
 0.897865 -0.222222
 0.900223 -0.216216
 0.902631 -0.21021
 0.90509 -0.204204
 0.907599 -0.198198
 0.910158 -0.192192
 0.912768 -0.186186
 0.915429 -0.18018
 0.918139 -0.174174
 0.920901 -0.168168
 0.921212 -0.167503
 0.92336 -0.162162
 0.925819 -0.156156
 0.928322 -0.15015
 0.930868 -0.144144
 0.933457 -0.138138
 0.936089 -0.132132
 0.938765 -0.126126
 0.941484 -0.12012
 0.944246 -0.114114
 0.947052 -0.108108

 1.12269 -1.23724
 1.11944 -1.23123
 1.11621 -1.22523
 1.11301 -1.21922
 1.10984 -1.21321
 1.10669 -1.20721
 1.10357 -1.2012
 1.10048 -1.1952
 1.09741 -1.18919
 1.09437 -1.18318
 1.09135 -1.17718
 1.09091 -1.17628
 1.08808 -1.17117
 1.08478 -1.16517
 1.08151 -1.15916
 1.07827 -1.15315
 1.07506 -1.14715
 1.07188 -1.14114
 1.06873 -1.13514
 1.06561 -1.12913
 1.06252 -1.12312
 1.05946 -1.11712
 1.05643 -1.11111
 1.05342 -1.10511
 1.05045 -1.0991
 1.04848 -1.09509
 1.04739 -1.09309
 1.04412 -1.08709
 1.04088 -1.08108
 1.03767 -1.07508
 1.0345 -1.06907
 1.03136 -1.06306
 1.02826 -1.05706
 1.02518 -1.05105
 1.02214 -1.04505
 1.01914 -1.03904
 1.01617 -1.03303
 1.01323 -1.02703
 1.01032 -1.02102
 1.00745 -1.01502
 1.00606 -1.01208
 1.00442 -1.00901
 1.00123 -1.003
 0.99809 -0.996997
 0.994984 -0.990991
 0.991915 -0.984985
 0.988884 -0.978979
 0.985891 -0.972973
 0.982936 -0.966967
 0.980018 -0.960961
 0.977139 -0.954955
 0.974297 -0.948949
 0.971492 -0.942943
 0.968726 -0.936937
 0.965997 -0.930931
 0.963636 -0.925661
 0.963258 -0.924925
 0.960214 -0.918919
 0.957213 -0.912913
 0.954256 -0.906907
 0.951342 -0.900901
 0.948471 -0.894895
 0.945644 -0.888889
 0.942859 -0.882883
 0.940119 -0.876877
 0.937421 -0.870871
 0.934767 -0.864865
 0.932157 -0.858859
 0.929589 -0.852853
 0.927065 -0.846847
 0.924584 -0.840841
 0.922147 -0.834835
 0.921212 -0.832489
 0.919514 -0.828829
 0.916778 -0.822823
 0.914092 -0.816817
 0.911457 -0.810811
 0.908872 -0.804805
 0.906338 -0.798799
 0.903854 -0.792793
 0.90142 -0.786787
 0.899037 -0.780781
 0.896705 -0.774775
 0.894423 -0.768769
 0.892191 -0.762763
 0.89001 -0.756757
 0.887879 -0.750751
 0.885798 -0.744745
 0.883768 -0.738739
 0.881789 -0.732733
 0.87986 -0.726727
 0.878788 -0.723301
 0.877831 -0.720721
 0.875664 -0.714715
 0.873557 -0.708709
 0.871509 -0.702703
 0.869521 -0.696697
 0.867593 -0.690691
 0.865725 -0.684685

 1.41372 -1.78979
 1.4106 -1.78378
 1.4075 -1.77778
 1.40441 -1.77177
 1.40133 -1.76577
 1.39827 -1.75976
 1.39523 -1.75375
 1.3922 -1.74775
 1.38918 -1.74174
 1.38788 -1.73913
 1.38605 -1.73574
 1.38283 -1.72973
 1.37963 -1.72372
 1.37645 -1.71772
 1.37328 -1.71171
 1.37012 -1.70571
 1.36699 -1.6997
 1.36386 -1.69369
 1.36076 -1.68769
 1.35767 -1.68168
 1.35459 -1.67568
 1.35153 -1.66967
 1.34849 -1.66366
 1.34546 -1.65766
 1.3422 -1.65165
 1.33897 -1.64565
 1.33575 -1.63964
 1.33254 -1.63363
 1.32935 -1.62763
 1.32618 -1.62162
 1.32303 -1.61562
 1.31989 -1.60961
 1.31678 -1.6036
 1.31367 -1.5976
 1.31059 -1.59159
 1.30752 -1.58559
 1.30447 -1.57958
 1.30303 -1.57674
 1.3013 -1.57357
 1.29803 -1.56757
 1.29477 -1.56156
 1.29154 -1.55556
 1.28832 -1.54955
 1.28512 -1.54354
 1.28194 -1.53754
 1.27878 -1.53153
 1.27563 -1.52553
 1.27251 -1.51952
 1.2694 -1.51351
 1.26631 -1.50751
 1.26324 -1.5015
 1.26061 -1.49632
 1.26015 -1.4955
 1.25685 -1.48949
 1.25356 -1.48348
 1.2503 -1.47748
 1.24706 -1.47147
 1.24383 -1.46547
 1.24063 -1.45946
 1.23744 -1.45345
 1.23428 -1.44745
 1.23114 -1.44144
 1.22801 -1.43544
 1.22491 -1.42943
 1.22183 -1.42342
 1.21876 -1.41742
 1.21818 -1.41627
 1.21549 -1.41141
 1.21218 -1.40541
 1.20889 -1.3994
 1.20563 -1.39339
 1.20239 -1.38739
 1.19917 -1.38138
 1.19597 -1.37538
 1.19279 -1.36937
 1.18964 -1.36336
 1.1865 -1.35736
 1.18339 -1.35135
 1.1803 -1.34535
 1.17724 -1.33934
 1.17576 -1.33643
 1.17403 -1.33333
 1.17071 -1.32733
 1.16741 -1.32132
 1.16413 -1.31532
 1.16088 -1.30931
 1.15765 -1.3033
 1.15444 -1.2973
 1.15126 -1.29129
 1.1481 -1.28529
 1.14497 -1.27928
 1.14186 -1.27327
 1.13878 -1.26727
 1.13572 -1.26126
 1.13333 -1.25655
 1.13261 -1.25526
 1.12928 -1.24925
 1.12597 -1.24324
 1.12269 -1.23724

 1.68798 -2.33634
 1.68513 -2.33033
 1.68485 -2.32974
 1.68214 -2.32432
 1.67914 -2.31832
 1.67616 -2.31231
 1.67318 -2.30631
 1.67022 -2.3003
 1.66726 -2.29429
 1.66431 -2.28829
 1.66138 -2.28228
 1.65845 -2.27628
 1.65553 -2.27027
 1.65263 -2.26426
 1.64973 -2.25826
 1.64684 -2.25225
 1.64397 -2.24625
 1.64242 -2.24301
 1.64102 -2.24024
 1.63799 -2.23423
 1.63497 -2.22823
 1.63196 -2.22222
 1.62896 -2.21622
 1.62597 -2.21021
 1.62299 -2.2042
 1.62002 -2.1982
 1.61707 -2.19219
 1.61412 -2.18619
 1.61118 -2.18018
 1.60826 -2.17417
 1.60534 -2.16817
 1.60244 -2.16216
 1.6 -2.1571
 1.59951 -2.15616
 1.59645 -2.15015
 1.59339 -2.14414
 1.59035 -2.13814
 1.58732 -2.13213
 1.5843 -2.12613
 1.58129 -2.12012
 1.57829 -2.11411
 1.5753 -2.10811
 1.57233 -2.1021
 1.56936 -2.0961
 1.56641 -2.09009
 1.56347 -2.08408
 1.56053 -2.07808
 1.55761 -2.07207
 1.55758 -2.072
 1.55452 -2.06607
 1.55143 -2.06006
 1.54835 -2.05405
 1.54529 -2.04805
 1.54224 -2.04204
 1.5392 -2.03604
 1.53617 -2.03003
 1.53315 -2.02402
 1.53015 -2.01802
 1.52716 -2.01201
 1.52418 -2.00601
 1.52121 -2
 1.51825 -1.99399
 1.51531 -1.98799
 1.51515 -1.98767
 1.51219 -1.98198
 1.50907 -1.97598
 1.50596 -1.96997
 1.50287 -1.96396
 1.49979 -1.95796
 1.49672 -1.95195
 1.49366 -1.94595
 1.49062 -1.93994
 1.48759 -1.93393
 1.48457 -1.92793
 1.48157 -1.92192
 1.47858 -1.91592
 1.4756 -1.90991
 1.47273 -1.9041
 1.47262 -1.9039
 1.46946 -1.8979
 1.46631 -1.89189
 1.46318 -1.88589
 1.46005 -1.87988
 1.45695 -1.87387
 1.45385 -1.86787
 1.45077 -1.86186
 1.4477 -1.85586
 1.44465 -1.84985
 1.44161 -1.84384
 1.43858 -1.83784
 1.43557 -1.83183
 1.43257 -1.82583
 1.4303 -1.82127
 1.42953 -1.81982
 1.42634 -1.81381
 1.42316 -1.80781
 1.42 -1.8018
 1.41685 -1.7958
 1.41372 -1.78979

 1.94904 -2.88889
 1.94632 -2.88288
 1.94361 -2.87688
 1.9409 -2.87087
 1.93939 -2.86752
 1.93814 -2.86486
 1.93532 -2.85886
 1.9325 -2.85285
 1.92969 -2.84685
 1.92688 -2.84084
 1.92408 -2.83483
 1.92129 -2.82883
 1.91851 -2.82282
 1.91573 -2.81682
 1.91297 -2.81081
 1.9102 -2.8048
 1.90745 -2.7988
 1.9047 -2.79279
 1.90196 -2.78679
 1.89923 -2.78078
 1.89697 -2.7758
 1.89648 -2.77477
 1.89363 -2.76877
 1.89078 -2.76276
 1.88794 -2.75676
 1.8851 -2.75075
 1.88228 -2.74474
 1.87946 -2.73874
 1.87665 -2.73273
 1.87385 -2.72673
 1.87105 -2.72072
 1.86826 -2.71471
 1.86548 -2.70871
 1.86271 -2.7027
 1.85995 -2.6967
 1.85719 -2.69069
 1.85455 -2.68492
 1.85443 -2.68468
 1.85155 -2.67868
 1.84867 -2.67267
 1.8458 -2.66667
 1.84294 -2.66066
 1.84009 -2.65465
 1.83724 -2.64865
 1.83441 -2.64264
 1.83158 -2.63664
 1.82875 -2.63063
 1.82594 -2.62462
 1.82314 -2.61862
 1.82034 -2.61261
 1.81755 -2.60661
 1.81477 -2.6006
 1.81212 -2.59487
 1.81199 -2.59459
 1.80907 -2.58859
 1.80617 -2.58258
 1.80327 -2.57658
 1.80038 -2.57057
 1.7975 -2.56456
 1.79463 -2.55856
 1.79177 -2.55255
 1.78891 -2.54655
 1.78606 -2.54054
 1.78322 -2.53453
 1.78039 -2.52853
 1.77757 -2.52252
 1.77476 -2.51652
 1.77195 -2.51051
 1.7697 -2.50566
 1.76913 -2.5045
 1.76619 -2.4985
 1.76325 -2.49249
 1.76033 -2.48649
 1.75741 -2.48048
 1.75451 -2.47447
 1.75161 -2.46847
 1.74872 -2.46246
 1.74584 -2.45646
 1.74297 -2.45045
 1.74011 -2.44444
 1.73725 -2.43844
 1.73441 -2.43243
 1.73157 -2.42643
 1.72874 -2.42042
 1.72727 -2.41729
 1.72585 -2.41441
 1.72288 -2.40841
 1.71992 -2.4024
 1.71697 -2.3964
 1.71403 -2.39039
 1.7111 -2.38438
 1.70817 -2.37838
 1.70526 -2.37237
 1.70236 -2.36637
 1.69946 -2.36036
 1.69658 -2.35435
 1.6937 -2.34835
 1.69083 -2.34234
 1.68798 -2.33634

 2.19655 -3.44144
 2.19397 -3.43544
 2.19394 -3.43535
 2.1913 -3.42943
 2.18863 -3.42342
 2.18596 -3.41742
 2.1833 -3.41141
 2.18065 -3.40541
 2.178 -3.3994
 2.17536 -3.39339
 2.17272 -3.38739
 2.17009 -3.38138
 2.16746 -3.37538
 2.16484 -3.36937
 2.16222 -3.36336
 2.15961 -3.35736
 2.15701 -3.35135
 2.15441 -3.34535
 2.15182 -3.33934
 2.15152 -3.33864
 2.14913 -3.33333
 2.14643 -3.32733
 2.14374 -3.32132
 2.14106 -3.31532
 2.13838 -3.30931
 2.13571 -3.3033
 2.13304 -3.2973
 2.13038 -3.29129
 2.12773 -3.28529
 2.12508 -3.27928
 2.12244 -3.27327
 2.1198 -3.26727
 2.11717 -3.26126
 2.11454 -3.25526
 2.11192 -3.24925
 2.1093 -3.24324
 2.10909 -3.24275
 2.10659 -3.23724
 2.10387 -3.23123
 2.10116 -3.22523
 2.09845 -3.21922
 2.09575 -3.21321
 2.09305 -3.20721
 2.09036 -3.2012
 2.08768 -3.1952
 2.085 -3.18919
 2.08233 -3.18318
 2.07966 -3.17718
 2.077 -3.17117
 2.07435 -3.16517
 2.0717 -3.15916
 2.06906 -3.15315
 2.06667 -3.1477
 2.06641 -3.14715
 2.06367 -3.14114
 2.06092 -3.13514
 2.05819 -3.12913
 2.05545 -3.12312
 2.05273 -3.11712
 2.05001 -3.11111
 2.0473 -3.10511
 2.04459 -3.0991
 2.0419 -3.09309
 2.0392 -3.08709
 2.03651 -3.08108
 2.03383 -3.07508
 2.03116 -3.06907
 2.02849 -3.06306
 2.02583 -3.05706
 2.02424 -3.05347
 2.02312 -3.05105
 2.02035 -3.04505
 2.01758 -3.03904
 2.01482 -3.03303
 2.01207 -3.02703
 2.00932 -3.02102
 2.00658 -3.01502
 2.00385 -3.00901
 2.00112 -3.003
 1.9984 -2.997
 1.99569 -2.99099
 1.99298 -2.98498
 1.99028 -2.97898
 1.98758 -2.97297
 1.98489 -2.96697
 1.98221 -2.96096
 1.98182 -2.96008
 1.97943 -2.95495
 1.97663 -2.94895
 1.97384 -2.94294
 1.97106 -2.93694
 1.96828 -2.93093
 1.96551 -2.92492
 1.96275 -2.91892
 1.96 -2.91291
 1.95725 -2.90691
 1.95451 -2.9009
 1.95177 -2.89489
 1.94904 -2.88889

 2.43467 -4
 2.43215 -3.99399
 2.42964 -3.98799
 2.42713 -3.98198
 2.42462 -3.97598
 2.42212 -3.96997
 2.41962 -3.96396
 2.41713 -3.95796
 2.41464 -3.95195
 2.41215 -3.94595
 2.40967 -3.93994
 2.4072 -3.93393
 2.40606 -3.93117
 2.40468 -3.92793
 2.40211 -3.92192
 2.39956 -3.91592
 2.39701 -3.90991
 2.39446 -3.9039
 2.39191 -3.8979
 2.38938 -3.89189
 2.38684 -3.88589
 2.38431 -3.87988
 2.38179 -3.87387
 2.37927 -3.86787
 2.37675 -3.86186
 2.37424 -3.85586
 2.37173 -3.84985
 2.36923 -3.84384
 2.36673 -3.83784
 2.36424 -3.83183
 2.36364 -3.83039
 2.36167 -3.82583
 2.35909 -3.81982
 2.35651 -3.81381
 2.35394 -3.80781
 2.35137 -3.8018
 2.34881 -3.7958
 2.34625 -3.78979
 2.3437 -3.78378
 2.34115 -3.77778
 2.33861 -3.77177
 2.33607 -3.76577
 2.33353 -3.75976
 2.331 -3.75375
 2.32848 -3.74775
 2.32596 -3.74174
 2.32344 -3.73574
 2.32121 -3.73041
 2.32092 -3.72973
 2.31831 -3.72372
 2.31571 -3.71772
 2.31311 -3.71171
 2.31052 -3.70571
 2.30793 -3.6997
 2.30535 -3.69369
 2.30277 -3.68769
 2.3002 -3.68168
 2.29763 -3.67568
 2.29507 -3.66967
 2.29251 -3.66366
 2.28996 -3.65766
 2.28741 -3.65165
 2.28487 -3.64565
 2.28233 -3.63964
 2.2798 -3.63363
 2.27879 -3.63124
 2.27721 -3.62763
 2.27458 -3.62162
 2.27196 -3.61562
 2.26934 -3.60961
 2.26673 -3.6036
 2.26412 -3.5976
 2.26152 -3.59159
 2.25893 -3.58559
 2.25633 -3.57958
 2.25375 -3.57357
 2.25117 -3.56757
 2.24859 -3.56156
 2.24602 -3.55556
 2.24346 -3.54955
 2.24089 -3.54354
 2.23834 -3.53754
 2.23636 -3.53289
 2.23576 -3.53153
 2.23311 -3.52553
 2.23047 -3.51952
 2.22783 -3.51351
 2.22519 -3.50751
 2.22256 -3.5015
 2.21994 -3.4955
 2.21732 -3.48949
 2.2147 -3.48348
 2.21209 -3.47748
 2.20949 -3.47147
 2.20689 -3.46547
 2.2043 -3.45946
 2.20171 -3.45345
 2.19912 -3.44745
 2.19655 -3.44144

