
# Surface 0 of 1 surfaces

# Curve title: "f(x,y)"

# Contour 0, label:        0
 3.9899  2.3822  0 
 4.00934  2.38369  0 
 4.07478  2.38869  0 
 4.09091  2.38992  0 
 4.14058  2.3937  0 
 4.19192  2.39758  0 
 4.20674  2.3987  0 
 4.27326  2.4037  0 
 4.29293  2.40517  0 
 4.34014  2.4087  0 
 4.39394  2.41271  0 
 4.40738  2.41371  0 
 4.47499  2.41871  0 
 4.49495  2.42018  0 
 4.54295  2.42371  0 
 4.59596  2.42759  0 
 4.61129  2.42871  0 
 4.67998  2.43372  0 
 4.69697  2.43495  0 
 4.74905  2.43872  0 
 4.79798  2.44225  0 
 4.81847  2.44372  0 
 4.88827  2.44872  0 
 4.89899  2.44949  0 
 4.95843  2.45373  0 
 5  2.45668  0 

 0.532728  2.06353  0 
 0.555556  2.06612  0 
 0.576778  2.06853  0 
 0.621138  2.07354  0 
 0.656566  2.0775  0 
 0.665809  2.07854  0 
 0.710793  2.08354  0 
 0.756089  2.08854  0 
 0.757576  2.08871  0 
 0.801699  2.09355  0 
 0.847623  2.09855  0 
 0.858586  2.09974  0 
 0.893862  2.10355  0 
 0.940418  2.10855  0 
 0.959596  2.1106  0 
 0.987289  2.11356  0 
 1.03448  2.11856  0 
 1.06061  2.12131  0 
 1.08199  2.12356  0 
 1.12981  2.12856  0 
 1.16162  2.13187  0 
 1.17796  2.13357  0 
 1.22642  2.13857  0 
 1.26263  2.14228  0 
 1.27521  2.14357  0 
 1.32432  2.14857  0 
 1.36364  2.15255  0 
 1.37375  2.15358  0 
 1.42351  2.15858  0 
 1.46465  2.16269  0 
 1.47359  2.16358  0 
 1.52399  2.16858  0 
 1.56566  2.17269  0 
 1.57472  2.17359  0 
 1.62578  2.17859  0 
 1.66667  2.18257  0 
 1.67716  2.18359  0 
 1.72887  2.18859  0 
 1.76768  2.19232  0 
 1.78091  2.1936  0 
 1.83328  2.1986  0 
 1.86869  2.20196  0 
 1.88598  2.2036  0 
 1.93901  2.2086  0 
 1.9697  2.21148  0 
 1.99237  2.21361  0 
 2.04606  2.21861  0 
 2.07071  2.22089  0 
 2.10009  2.22361  0 
 2.15445  2.22861  0 
 2.17172  2.23019  0 
 2.20915  2.23362  0 
 2.26418  2.23862  0 
 2.27273  2.23939  0 
 2.31954  2.24362  0 
 2.37374  2.24849  0 
 2.37525  2.24862  0 
 2.43129  2.25363  0 
 2.47475  2.25748  0 
 2.48767  2.25863  0 
 2.54439  2.26363  0 
 2.57576  2.26638  0 
 2.60145  2.26863  0 
 2.65885  2.27364  0 
 2.67677  2.27519  0 
 2.71659  2.27864  0 
 2.77467  2.28364  0 
 2.77778  2.28391  0 
 2.8331  2.28864  0 
 2.87879  2.29253  0 
 2.89187  2.29365  0 
 2.95098  2.29865  0 
 2.9798  2.30107  0 
 3.01044  2.30365  0 
 3.07024  2.30865  0 
 3.08081  2.30953  0 
 3.1304  2.31366  0 
 3.18182  2.31791  0 
 3.1909  2.31866  0 
 3.25174  2.32366  0 
 3.28283  2.3262  0 
 3.31294  2.32866  0 
 3.37448  2.33367  0 
 3.38384  2.33442  0 
 3.43638  2.33867  0 
 3.48485  2.34256  0 
 3.49863  2.34367  0 
 3.56123  2.34867  0 
 3.58586  2.35063  0 
 3.62418  2.35368  0 
 3.68687  2.35863  0 
 3.68748  2.35868  0 
 3.75114  2.36368  0 
 3.78788  2.36655  0 
 3.81516  2.36868  0 
 3.87953  2.37369  0 
 3.88889  2.37441  0 
 3.94425  2.37869  0 
 3.9899  2.3822  0 

-1.91785  1.69335  0 
-1.8947  1.69835  0 
-1.87129  1.70335  0 
-1.86869  1.7039  0 
-1.84763  1.70835  0 
-1.82371  1.71336  0 
-1.79954  1.71836  0 
-1.7751  1.72336  0 
-1.76768  1.72487  0 
-1.75041  1.72836  0 
-1.72546  1.73337  0 
-1.70025  1.73837  0 
-1.67478  1.74337  0 
-1.66667  1.74495  0 
-1.64905  1.74837  0 
-1.62305  1.75338  0 
-1.59679  1.75838  0 
-1.57026  1.76338  0 
-1.56566  1.76424  0 
-1.54348  1.76838  0 
-1.51642  1.77339  0 
-1.4891  1.77839  0 
-1.46465  1.78282  0 
-1.46151  1.78339  0 
-1.43366  1.78839  0 
-1.40554  1.7934  0 
-1.37714  1.7984  0 
-1.36364  1.80076  0 
-1.34848  1.8034  0 
-1.31955  1.8084  0 
-1.29034  1.81341  0 
-1.26263  1.81811  0 
-1.26086  1.81841  0 
-1.23111  1.82341  0 
-1.20109  1.82841  0 
-1.17079  1.83342  0 
-1.16162  1.83492  0 
-1.14021  1.83842  0 
-1.10936  1.84342  0 
-1.07824  1.84842  0 
-1.06061  1.85123  0 
-1.04683  1.85343  0 
-1.01515  1.85843  0 
-0.983188  1.86343  0 
-0.959596  1.86709  0 
-0.950946  1.86843  0 
-0.918424  1.87344  0 
-0.88562  1.87844  0 
-0.858586  1.88253  0 
-0.852535  1.88344  0 
-0.819166  1.88844  0 
-0.785514  1.89345  0 
-0.757576  1.89757  0 
-0.751578  1.89845  0 
-0.717357  1.90345  0 
-0.68285  1.90845  0 
-0.656566  1.91223  0 
-0.648056  1.91346  0 
-0.612975  1.91846  0 
-0.577606  1.92346  0 
-0.555556  1.92656  0 
-0.541948  1.92846  0 
-0.506001  1.93347  0 
-0.469763  1.93847  0 
-0.454545  1.94055  0 
-0.433234  1.94347  0 
-0.396413  1.94847  0 
-0.3593  1.95348  0 
-0.353535  1.95425  0 
-0.321894  1.95848  0 
-0.284193  1.96348  0 
-0.252525  1.96765  0 
-0.246198  1.96848  0 
-0.207907  1.97349  0 
-0.16932  1.97849  0 
-0.151515  1.98078  0 
-0.130435  1.98349  0 
-0.0912533  1.98849  0 
-0.0517725  1.9935  0 
-0.0505051  1.99366  0 
-0.0119925  1.9985  0 
 0.0280876  2.0035  0 
 0.0505051  2.00628  0 
 0.0684686  2.0085  0 
 0.109151  2.01351  0 
 0.150136  2.01851  0 
 0.151515  2.01868  0 
 0.191424  2.02351  0 
 0.233016  2.02851  0 
 0.252525  2.03084  0 
 0.274912  2.03352  0 
 0.317114  2.03852  0 
 0.353535  2.04281  0 
 0.359621  2.04352  0 
 0.402436  2.04852  0 
 0.445558  2.05353  0 
 0.454545  2.05456  0 
 0.488989  2.05853  0 
 0.532728  2.06353  0 

-3.04104  1.25813  0 
-3.0372  1.26313  0 
-3.03317  1.26813  0 
-3.02895  1.27314  0 
-3.02454  1.27814  0 
-3.01993  1.28314  0 
-3.01514  1.28814  0 
-3.01015  1.29315  0 
-3.00497  1.29815  0 
-2.99959  1.30315  0 
-2.99402  1.30815  0 
-2.98825  1.31316  0 
-2.98228  1.31816  0 
-2.9798  1.32017  0 
-2.97611  1.32316  0 
-2.96975  1.32816  0 
-2.96319  1.33317  0 
-2.95642  1.33817  0 
-2.94946  1.34317  0 
-2.94229  1.34817  0 
-2.93492  1.35318  0 
-2.92735  1.35818  0 
-2.91958  1.36318  0 
-2.91159  1.36818  0 
-2.90341  1.37319  0 
-2.89502  1.37819  0 
-2.88642  1.38319  0 
-2.87879  1.38753  0 
-2.87761  1.38819  0 
-2.8686  1.3932  0 
-2.85937  1.3982  0 
-2.84994  1.4032  0 
-2.84029  1.4082  0 
-2.83044  1.41321  0 
-2.82037  1.41821  0 
-2.81009  1.42321  0 
-2.79959  1.42821  0 
-2.78888  1.43322  0 
-2.77796  1.43822  0 
-2.77778  1.4383  0 
-2.76682  1.44322  0 
-2.75546  1.44822  0 
-2.74388  1.45323  0 
-2.73209  1.45823  0 
-2.72008  1.46323  0 
-2.70785  1.46823  0 
-2.6954  1.47324  0 
-2.68272  1.47824  0 
-2.67677  1.48055  0 
-2.66983  1.48324  0 
-2.65671  1.48824  0 
-2.64337  1.49325  0 
-2.6298  1.49825  0 
-2.61601  1.50325  0 
-2.60199  1.50825  0 
-2.58775  1.51326  0 
-2.57576  1.5174  0 
-2.57328  1.51826  0 
-2.55858  1.52326  0 
-2.54366  1.52826  0 
-2.5285  1.53327  0 
-2.51311  1.53827  0 
-2.4975  1.54327  0 
-2.48165  1.54827  0 
-2.47475  1.55042  0 
-2.46557  1.55328  0 
-2.44925  1.55828  0 
-2.4327  1.56328  0 
-2.41592  1.56828  0 
-2.3989  1.57329  0 
-2.38164  1.57829  0 
-2.37374  1.58055  0 
-2.36415  1.58329  0 
-2.34642  1.58829  0 
-2.32845  1.5933  0 
-2.31025  1.5983  0 
-2.2918  1.6033  0 
-2.27311  1.6083  0 
-2.27273  1.60841  0 
-2.25418  1.61331  0 
-2.23501  1.61831  0 
-2.21559  1.62331  0 
-2.19593  1.62831  0 
-2.17603  1.63332  0 
-2.17172  1.63439  0 
-2.15588  1.63832  0 
-2.13549  1.64332  0 
-2.11485  1.64832  0 
-2.09396  1.65333  0 
-2.07282  1.65833  0 
-2.07071  1.65882  0 
-2.05143  1.66333  0 
-2.0298  1.66833  0 
-2.00791  1.67334  0 
-1.98577  1.67834  0 
-1.9697  1.68193  0 
-1.96338  1.68334  0 
-1.94074  1.68834  0 
-1.91785  1.69335  0 

-2.66247  0.787894  0 
-2.6731  0.792896  0 
-2.67677  0.794639  0 
-2.68362  0.797899  0 
-2.69401  0.802901  0 
-2.70429  0.807904  0 
-2.71444  0.812906  0 
-2.72448  0.817909  0 
-2.73438  0.822911  0 
-2.74417  0.827914  0 
-2.75383  0.832916  0 
-2.76337  0.837919  0 
-2.77278  0.842921  0 
-2.77778  0.845617  0 
-2.78206  0.847924  0 
-2.79122  0.852926  0 
-2.80024  0.857929  0 
-2.80914  0.862931  0 
-2.81791  0.867934  0 
-2.82655  0.872936  0 
-2.83506  0.877939  0 
-2.84344  0.882941  0 
-2.85168  0.887944  0 
-2.85979  0.892946  0 
-2.86777  0.897949  0 
-2.87561  0.902951  0 
-2.87879  0.905014  0 
-2.88332  0.907954  0 
-2.89089  0.912956  0 
-2.89832  0.917959  0 
-2.90561  0.922961  0 
-2.91277  0.927964  0 
-2.91979  0.932966  0 
-2.92666  0.937969  0 
-2.9334  0.942971  0 
-2.93999  0.947974  0 
-2.94645  0.952976  0 
-2.95276  0.957979  0 
-2.95892  0.962981  0 
-2.96494  0.967984  0 
-2.97082  0.972986  0 
-2.97655  0.977989  0 
-2.9798  0.980903  0 
-2.98213  0.982991  0 
-2.98756  0.987994  0 
-2.99285  0.992996  0 
-2.99799  0.997999  0 
-3.00297  1.003  0 
-3.00781  1.008  0 
-3.0125  1.01301  0 
-3.01703  1.01801  0 
-3.02141  1.02301  0 
-3.02564  1.02801  0 
-3.02971  1.03302  0 
-3.03363  1.03802  0 
-3.03739  1.04302  0 
-3.04099  1.04802  0 
-3.04444  1.05303  0 
-3.04773  1.05803  0 
-3.05086  1.06303  0 
-3.05383  1.06803  0 
-3.05664  1.07304  0 
-3.05929  1.07804  0 
-3.06178  1.08304  0 
-3.06411  1.08804  0 
-3.06627  1.09305  0 
-3.06827  1.09805  0 
-3.0701  1.10305  0 
-3.07177  1.10805  0 
-3.07327  1.11306  0 
-3.0746  1.11806  0 
-3.07577  1.12306  0 
-3.07676  1.12806  0 
-3.07759  1.13307  0 
-3.07825  1.13807  0 
-3.07873  1.14307  0 
-3.07905  1.14807  0 
-3.07919  1.15308  0 
-3.07916  1.15808  0 
-3.07896  1.16308  0 
-3.07858  1.16808  0 
-3.07802  1.17309  0 
-3.07729  1.17809  0 
-3.07639  1.18309  0 
-3.0753  1.18809  0 
-3.07404  1.1931  0 
-3.0726  1.1981  0 
-3.07097  1.2031  0 
-3.06917  1.2081  0 
-3.06719  1.21311  0 
-3.06502  1.21811  0 
-3.06267  1.22311  0 
-3.06014  1.22811  0 
-3.05742  1.23312  0 
-3.05452  1.23812  0 
-3.05143  1.24312  0 
-3.04815  1.24812  0 
-3.04469  1.25313  0 
-3.04104  1.25813  0 

-1.38496  0.357679  0 
-1.40302  0.362681  0 
-1.42103  0.367684  0 
-1.43898  0.372686  0 
-1.45688  0.377689  0 
-1.46465  0.379867  0 
-1.47472  0.382691  0 
-1.4925  0.387694  0 
-1.51023  0.392696  0 
-1.52789  0.397699  0 
-1.5455  0.402701  0 
-1.56305  0.407704  0 
-1.56566  0.408451  0 
-1.58053  0.412706  0 
-1.59795  0.417709  0 
-1.61531  0.422711  0 
-1.63261  0.427714  0 
-1.64984  0.432716  0 
-1.66667  0.437619  0 
-1.66701  0.437719  0 
-1.68411  0.442721  0 
-1.70115  0.447724  0 
-1.71811  0.452726  0 
-1.73501  0.457729  0 
-1.75185  0.462731  0 
-1.76768  0.467456  0 
-1.76861  0.467734  0 
-1.7853  0.472736  0 
-1.80192  0.477739  0 
-1.81847  0.482741  0 
-1.83494  0.487744  0 
-1.85135  0.492746  0 
-1.86768  0.497749  0 
-1.86869  0.49806  0 
-1.88393  0.502751  0 
-1.90011  0.507754  0 
-1.91621  0.512756  0 
-1.93224  0.517759  0 
-1.94819  0.522761  0 
-1.96405  0.527764  0 
-1.9697  0.529551  0 
-1.97985  0.532766  0 
-1.99556  0.537769  0 
-2.01118  0.542771  0 
-2.02673  0.547774  0 
-2.0422  0.552776  0 
-2.05758  0.557779  0 
-2.07071  0.562071  0 
-2.07288  0.562781  0 
-2.08809  0.567784  0 
-2.10322  0.572786  0 
-2.11827  0.577789  0 
-2.13322  0.582791  0 
-2.14809  0.587794  0 
-2.16287  0.592796  0 
-2.17172  0.595808  0 
-2.17756  0.597799  0 
-2.19217  0.602801  0 
-2.20668  0.607804  0 
-2.2211  0.612806  0 
-2.23543  0.617809  0 
-2.24966  0.622811  0 
-2.2638  0.627814  0 
-2.27273  0.630992  0 
-2.27785  0.632816  0 
-2.2918  0.637819  0 
-2.30566  0.642821  0 
-2.31942  0.647824  0 
-2.33308  0.652826  0 
-2.34665  0.657829  0 
-2.36011  0.662831  0 
-2.37348  0.667834  0 
-2.37374  0.667931  0 
-2.38675  0.672836  0 
-2.39991  0.677839  0 
-2.41298  0.682841  0 
-2.42594  0.687844  0 
-2.43879  0.692846  0 
-2.45155  0.697849  0 
-2.4642  0.702851  0 
-2.47475  0.707059  0 
-2.47674  0.707854  0 
-2.48918  0.712856  0 
-2.50151  0.717859  0 
-2.51373  0.722861  0 
-2.52584  0.727864  0 
-2.53785  0.732866  0 
-2.54974  0.737869  0 
-2.56153  0.742871  0 
-2.5732  0.747874  0 
-2.57576  0.748981  0 
-2.58476  0.752876  0 
-2.5962  0.757879  0 
-2.60754  0.762881  0 
-2.61876  0.767884  0 
-2.62986  0.772886  0 
-2.64085  0.777889  0 
-2.65172  0.782891  0 
-2.66247  0.787894  0 

 0.20996 -0.0525263  0 
 0.189988 -0.0475238  0 
 0.170008 -0.0425213  0 
 0.151515 -0.0378924  0 
 0.150022 -0.0375188  0 
 0.130031 -0.0325163  0 
 0.110034 -0.0275138  0 
 0.0900336 -0.0225113  0 
 0.0700297 -0.0175088  0 
 0.0505051 -0.0126268  0 
 0.0500231 -0.0125063  0 
 0.0300146 -0.00750375  0 
 0.010005 -0.00250125  0 
-0.010005  0.00250125  0 
-0.0300146  0.00750375  0 
-0.0500231  0.0125063  0 
-0.0505051  0.0126268  0 
-0.0700297  0.0175088  0 
-0.0900336  0.0225113  0 
-0.110034  0.0275138  0 
-0.130031  0.0325163  0 
-0.150022  0.0375188  0 
-0.151515  0.0378924  0 
-0.170008  0.0425213  0 
-0.189988  0.0475238  0 
-0.20996  0.0525263  0 
-0.229925  0.0575288  0 
-0.249881  0.0625313  0 
-0.252525  0.0631945  0 
-0.269827  0.0675338  0 
-0.289763  0.0725363  0 
-0.309689  0.0775388  0 
-0.329603  0.0825413  0 
-0.349504  0.0875438  0 
-0.353535  0.0885577  0 
-0.369392  0.0925463  0 
-0.389267  0.0975488  0 
-0.409127  0.102551  0 
-0.428971  0.107554  0 
-0.448799  0.112556  0 
-0.454545  0.114007  0 
-0.46861  0.117559  0 
-0.488404  0.122561  0 
-0.508179  0.127564  0 
-0.527935  0.132566  0 
-0.547672  0.137569  0 
-0.555556  0.139569  0 
-0.567387  0.142571  0 
-0.587081  0.147574  0 
-0.606753  0.152576  0 
-0.626402  0.157579  0 
-0.646028  0.162581  0 
-0.656566  0.165271  0 
-0.665629  0.167584  0 
-0.685205  0.172586  0 
-0.704754  0.177589  0 
-0.724278  0.182591  0 
-0.743773  0.187594  0 
-0.757576  0.19114  0 
-0.763241  0.192596  0 
-0.78268  0.197599  0 
-0.802089  0.202601  0 
-0.821468  0.207604  0 
-0.840815  0.212606  0 
-0.858586  0.217209  0 
-0.860131  0.217609  0 
-0.879414  0.222611  0 
-0.898663  0.227614  0 
-0.917878  0.232616  0 
-0.937059  0.237619  0 
-0.956203  0.242621  0 
-0.959596  0.243509  0 
-0.975312  0.247624  0 
-0.994383  0.252626  0 
-1.01342  0.257629  0 
-1.03241  0.262631  0 
-1.05137  0.267634  0 
-1.06061  0.270078  0 
-1.07028  0.272636  0 
-1.08915  0.277639  0 
-1.10799  0.282641  0 
-1.12678  0.287644  0 
-1.14552  0.292646  0 
-1.16162  0.296951  0 
-1.16423  0.297649  0 
-1.18288  0.302651  0 
-1.2015  0.307654  0 
-1.22006  0.312656  0 
-1.23858  0.317659  0 
-1.25705  0.322661  0 
-1.26263  0.324175  0 
-1.27548  0.327664  0 
-1.29385  0.332666  0 
-1.31217  0.337669  0 
-1.33045  0.342671  0 
-1.34867  0.347674  0 
-1.36364  0.351795  0 
-1.36684  0.352676  0 
-1.38496  0.357679  0 

 1.76768 -0.467456  0 
 1.75185 -0.462731  0 
 1.73501 -0.457729  0 
 1.71811 -0.452726  0 
 1.70115 -0.447724  0 
 1.68411 -0.442721  0 
 1.66701 -0.437719  0 
 1.66667 -0.437619  0 
 1.64984 -0.432716  0 
 1.63261 -0.427714  0 
 1.61531 -0.422711  0 
 1.59795 -0.417709  0 
 1.58053 -0.412706  0 
 1.56566 -0.408451  0 
 1.56305 -0.407704  0 
 1.5455 -0.402701  0 
 1.52789 -0.397699  0 
 1.51023 -0.392696  0 
 1.4925 -0.387694  0 
 1.47472 -0.382691  0 
 1.46465 -0.379867  0 
 1.45688 -0.377689  0 
 1.43898 -0.372686  0 
 1.42103 -0.367684  0 
 1.40302 -0.362681  0 
 1.38496 -0.357679  0 
 1.36684 -0.352676  0 
 1.36364 -0.351795  0 
 1.34867 -0.347674  0 
 1.33045 -0.342671  0 
 1.31217 -0.337669  0 
 1.29385 -0.332666  0 
 1.27548 -0.327664  0 
 1.26263 -0.324175  0 
 1.25705 -0.322661  0 
 1.23858 -0.317659  0 
 1.22006 -0.312656  0 
 1.2015 -0.307654  0 
 1.18288 -0.302651  0 
 1.16423 -0.297649  0 
 1.16162 -0.296951  0 
 1.14552 -0.292646  0 
 1.12678 -0.287644  0 
 1.10799 -0.282641  0 
 1.08915 -0.277639  0 
 1.07028 -0.272636  0 
 1.06061 -0.270078  0 
 1.05137 -0.267634  0 
 1.03241 -0.262631  0 
 1.01342 -0.257629  0 
 0.994383 -0.252626  0 
 0.975312 -0.247624  0 
 0.959596 -0.243509  0 
 0.956203 -0.242621  0 
 0.937059 -0.237619  0 
 0.917878 -0.232616  0 
 0.898663 -0.227614  0 
 0.879414 -0.222611  0 
 0.860131 -0.217609  0 
 0.858586 -0.217209  0 
 0.840815 -0.212606  0 
 0.821468 -0.207604  0 
 0.802089 -0.202601  0 
 0.78268 -0.197599  0 
 0.763241 -0.192596  0 
 0.757576 -0.19114  0 
 0.743773 -0.187594  0 
 0.724278 -0.182591  0 
 0.704754 -0.177589  0 
 0.685205 -0.172586  0 
 0.665629 -0.167584  0 
 0.656566 -0.165271  0 
 0.646028 -0.162581  0 
 0.626402 -0.157579  0 
 0.606753 -0.152576  0 
 0.587081 -0.147574  0 
 0.567387 -0.142571  0 
 0.555556 -0.139569  0 
 0.547672 -0.137569  0 
 0.527935 -0.132566  0 
 0.508179 -0.127564  0 
 0.488404 -0.122561  0 
 0.46861 -0.117559  0 
 0.454545 -0.114007  0 
 0.448799 -0.112556  0 
 0.428971 -0.107554  0 
 0.409127 -0.102551  0 
 0.389267 -0.0975488  0 
 0.369392 -0.0925463  0 
 0.353535 -0.0885577  0 
 0.349504 -0.0875438  0 
 0.329603 -0.0825413  0 
 0.309689 -0.0775388  0 
 0.289763 -0.0725363  0 
 0.269827 -0.0675338  0 
 0.252525 -0.0631945  0 
 0.249881 -0.0625313  0 
 0.229925 -0.0575288  0 
 0.20996 -0.0525263  0 

 2.87561 -0.902951  0 
 2.86777 -0.897949  0 
 2.85979 -0.892946  0 
 2.85168 -0.887944  0 
 2.84344 -0.882941  0 
 2.83506 -0.877939  0 
 2.82655 -0.872936  0 
 2.81791 -0.867934  0 
 2.80914 -0.862931  0 
 2.80024 -0.857929  0 
 2.79122 -0.852926  0 
 2.78206 -0.847924  0 
 2.77778 -0.845617  0 
 2.77278 -0.842921  0 
 2.76337 -0.837919  0 
 2.75383 -0.832916  0 
 2.74417 -0.827914  0 
 2.73438 -0.822911  0 
 2.72448 -0.817909  0 
 2.71444 -0.812906  0 
 2.70429 -0.807904  0 
 2.69401 -0.802901  0 
 2.68362 -0.797899  0 
 2.67677 -0.794639  0 
 2.6731 -0.792896  0 
 2.66247 -0.787894  0 
 2.65172 -0.782891  0 
 2.64085 -0.777889  0 
 2.62986 -0.772886  0 
 2.61876 -0.767884  0 
 2.60754 -0.762881  0 
 2.5962 -0.757879  0 
 2.58476 -0.752876  0 
 2.57576 -0.748981  0 
 2.5732 -0.747874  0 
 2.56153 -0.742871  0 
 2.54974 -0.737869  0 
 2.53785 -0.732866  0 
 2.52584 -0.727864  0 
 2.51373 -0.722861  0 
 2.50151 -0.717859  0 
 2.48918 -0.712856  0 
 2.47674 -0.707854  0 
 2.47475 -0.707059  0 
 2.4642 -0.702851  0 
 2.45155 -0.697849  0 
 2.43879 -0.692846  0 
 2.42594 -0.687844  0 
 2.41298 -0.682841  0 
 2.39991 -0.677839  0 
 2.38675 -0.672836  0 
 2.37374 -0.667931  0 
 2.37348 -0.667834  0 
 2.36011 -0.662831  0 
 2.34665 -0.657829  0 
 2.33308 -0.652826  0 
 2.31942 -0.647824  0 
 2.30566 -0.642821  0 
 2.2918 -0.637819  0 
 2.27785 -0.632816  0 
 2.27273 -0.630992  0 
 2.2638 -0.627814  0 
 2.24966 -0.622811  0 
 2.23543 -0.617809  0 
 2.2211 -0.612806  0 
 2.20668 -0.607804  0 
 2.19217 -0.602801  0 
 2.17756 -0.597799  0 
 2.17172 -0.595808  0 
 2.16287 -0.592796  0 
 2.14809 -0.587794  0 
 2.13322 -0.582791  0 
 2.11827 -0.577789  0 
 2.10322 -0.572786  0 
 2.08809 -0.567784  0 
 2.07288 -0.562781  0 
 2.07071 -0.562071  0 
 2.05758 -0.557779  0 
 2.0422 -0.552776  0 
 2.02673 -0.547774  0 
 2.01118 -0.542771  0 
 1.99556 -0.537769  0 
 1.97985 -0.532766  0 
 1.9697 -0.529551  0 
 1.96405 -0.527764  0 
 1.94819 -0.522761  0 
 1.93224 -0.517759  0 
 1.91621 -0.512756  0 
 1.90011 -0.507754  0 
 1.88393 -0.502751  0 
 1.86869 -0.49806  0 
 1.86768 -0.497749  0 
 1.85135 -0.492746  0 
 1.83494 -0.487744  0 
 1.81847 -0.482741  0 
 1.80192 -0.477739  0 
 1.7853 -0.472736  0 
 1.76861 -0.467734  0 
 1.76768 -0.467456  0 

 2.89502 -1.37819  0 
 2.90341 -1.37319  0 
 2.91159 -1.36818  0 
 2.91958 -1.36318  0 
 2.92735 -1.35818  0 
 2.93492 -1.35318  0 
 2.94229 -1.34817  0 
 2.94946 -1.34317  0 
 2.95642 -1.33817  0 
 2.96319 -1.33317  0 
 2.96975 -1.32816  0 
 2.97611 -1.32316  0 
 2.9798 -1.32017  0 
 2.98228 -1.31816  0 
 2.98825 -1.31316  0 
 2.99402 -1.30815  0 
 2.99959 -1.30315  0 
 3.00497 -1.29815  0 
 3.01015 -1.29315  0 
 3.01514 -1.28814  0 
 3.01993 -1.28314  0 
 3.02454 -1.27814  0 
 3.02895 -1.27314  0 
 3.03317 -1.26813  0 
 3.0372 -1.26313  0 
 3.04104 -1.25813  0 
 3.04469 -1.25313  0 
 3.04815 -1.24812  0 
 3.05143 -1.24312  0 
 3.05452 -1.23812  0 
 3.05742 -1.23312  0 
 3.06014 -1.22811  0 
 3.06267 -1.22311  0 
 3.06502 -1.21811  0 
 3.06719 -1.21311  0 
 3.06917 -1.2081  0 
 3.07097 -1.2031  0 
 3.0726 -1.1981  0 
 3.07404 -1.1931  0 
 3.0753 -1.18809  0 
 3.07639 -1.18309  0 
 3.07729 -1.17809  0 
 3.07802 -1.17309  0 
 3.07858 -1.16808  0 
 3.07896 -1.16308  0 
 3.07916 -1.15808  0 
 3.07919 -1.15308  0 
 3.07905 -1.14807  0 
 3.07873 -1.14307  0 
 3.07825 -1.13807  0 
 3.07759 -1.13307  0 
 3.07676 -1.12806  0 
 3.07577 -1.12306  0 
 3.0746 -1.11806  0 
 3.07327 -1.11306  0 
 3.07177 -1.10805  0 
 3.0701 -1.10305  0 
 3.06827 -1.09805  0 
 3.06627 -1.09305  0 
 3.06411 -1.08804  0 
 3.06178 -1.08304  0 
 3.05929 -1.07804  0 
 3.05664 -1.07304  0 
 3.05383 -1.06803  0 
 3.05086 -1.06303  0 
 3.04773 -1.05803  0 
 3.04444 -1.05303  0 
 3.04099 -1.04802  0 
 3.03739 -1.04302  0 
 3.03363 -1.03802  0 
 3.02971 -1.03302  0 
 3.02564 -1.02801  0 
 3.02141 -1.02301  0 
 3.01703 -1.01801  0 
 3.0125 -1.01301  0 
 3.00781 -1.008  0 
 3.00297 -1.003  0 
 2.99799 -0.997999  0 
 2.99285 -0.992996  0 
 2.98756 -0.987994  0 
 2.98213 -0.982991  0 
 2.9798 -0.980903  0 
 2.97655 -0.977989  0 
 2.97082 -0.972986  0 
 2.96494 -0.967984  0 
 2.95892 -0.962981  0 
 2.95276 -0.957979  0 
 2.94645 -0.952976  0 
 2.93999 -0.947974  0 
 2.9334 -0.942971  0 
 2.92666 -0.937969  0 
 2.91979 -0.932966  0 
 2.91277 -0.927964  0 
 2.90561 -0.922961  0 
 2.89832 -0.917959  0 
 2.89089 -0.912956  0 
 2.88332 -0.907954  0 
 2.87879 -0.905014  0 
 2.87561 -0.902951  0 

 1.40554 -1.7934  0 
 1.43366 -1.78839  0 
 1.46151 -1.78339  0 
 1.46465 -1.78282  0 
 1.4891 -1.77839  0 
 1.51642 -1.77339  0 
 1.54348 -1.76838  0 
 1.56566 -1.76424  0 
 1.57026 -1.76338  0 
 1.59679 -1.75838  0 
 1.62305 -1.75338  0 
 1.64905 -1.74837  0 
 1.66667 -1.74495  0 
 1.67478 -1.74337  0 
 1.70025 -1.73837  0 
 1.72546 -1.73337  0 
 1.75041 -1.72836  0 
 1.76768 -1.72487  0 
 1.7751 -1.72336  0 
 1.79954 -1.71836  0 
 1.82371 -1.71336  0 
 1.84763 -1.70835  0 
 1.86869 -1.7039  0 
 1.87129 -1.70335  0 
 1.8947 -1.69835  0 
 1.91785 -1.69335  0 
 1.94074 -1.68834  0 
 1.96338 -1.68334  0 
 1.9697 -1.68193  0 
 1.98577 -1.67834  0 
 2.00791 -1.67334  0 
 2.0298 -1.66833  0 
 2.05143 -1.66333  0 
 2.07071 -1.65882  0 
 2.07282 -1.65833  0 
 2.09396 -1.65333  0 
 2.11485 -1.64832  0 
 2.13549 -1.64332  0 
 2.15588 -1.63832  0 
 2.17172 -1.63439  0 
 2.17603 -1.63332  0 
 2.19593 -1.62831  0 
 2.21559 -1.62331  0 
 2.23501 -1.61831  0 
 2.25418 -1.61331  0 
 2.27273 -1.60841  0 
 2.27311 -1.6083  0 
 2.2918 -1.6033  0 
 2.31025 -1.5983  0 
 2.32845 -1.5933  0 
 2.34642 -1.58829  0 
 2.36415 -1.58329  0 
 2.37374 -1.58055  0 
 2.38164 -1.57829  0 
 2.3989 -1.57329  0 
 2.41592 -1.56828  0 
 2.4327 -1.56328  0 
 2.44925 -1.55828  0 
 2.46557 -1.55328  0 
 2.47475 -1.55042  0 
 2.48165 -1.54827  0 
 2.4975 -1.54327  0 
 2.51311 -1.53827  0 
 2.5285 -1.53327  0 
 2.54366 -1.52826  0 
 2.55858 -1.52326  0 
 2.57328 -1.51826  0 
 2.57576 -1.5174  0 
 2.58775 -1.51326  0 
 2.60199 -1.50825  0 
 2.61601 -1.50325  0 
 2.6298 -1.49825  0 
 2.64337 -1.49325  0 
 2.65671 -1.48824  0 
 2.66983 -1.48324  0 
 2.67677 -1.48055  0 
 2.68272 -1.47824  0 
 2.6954 -1.47324  0 
 2.70785 -1.46823  0 
 2.72008 -1.46323  0 
 2.73209 -1.45823  0 
 2.74388 -1.45323  0 
 2.75546 -1.44822  0 
 2.76682 -1.44322  0 
 2.77778 -1.4383  0 
 2.77796 -1.43822  0 
 2.78888 -1.43322  0 
 2.79959 -1.42821  0 
 2.81009 -1.42321  0 
 2.82037 -1.41821  0 
 2.83044 -1.41321  0 
 2.84029 -1.4082  0 
 2.84994 -1.4032  0 
 2.85937 -1.3982  0 
 2.8686 -1.3932  0 
 2.87761 -1.38819  0 
 2.87879 -1.38753  0 
 2.88642 -1.38319  0 
 2.89502 -1.37819  0 

-1.32432 -2.14857  0 
-1.27521 -2.14357  0 
-1.26263 -2.14228  0 
-1.22642 -2.13857  0 
-1.17796 -2.13357  0 
-1.16162 -2.13187  0 
-1.12981 -2.12856  0 
-1.08199 -2.12356  0 
-1.06061 -2.12131  0 
-1.03448 -2.11856  0 
-0.987289 -2.11356  0 
-0.959596 -2.1106  0 
-0.940418 -2.10855  0 
-0.893862 -2.10355  0 
-0.858586 -2.09974  0 
-0.847623 -2.09855  0 
-0.801699 -2.09355  0 
-0.757576 -2.08871  0 
-0.756089 -2.08854  0 
-0.710793 -2.08354  0 
-0.665809 -2.07854  0 
-0.656566 -2.0775  0 
-0.621138 -2.07354  0 
-0.576778 -2.06853  0 
-0.555556 -2.06612  0 
-0.532728 -2.06353  0 
-0.488989 -2.05853  0 
-0.454545 -2.05456  0 
-0.445558 -2.05353  0 
-0.402436 -2.04852  0 
-0.359621 -2.04352  0 
-0.353535 -2.04281  0 
-0.317114 -2.03852  0 
-0.274912 -2.03352  0 
-0.252525 -2.03084  0 
-0.233016 -2.02851  0 
-0.191424 -2.02351  0 
-0.151515 -2.01868  0 
-0.150136 -2.01851  0 
-0.109151 -2.01351  0 
-0.0684686 -2.0085  0 
-0.0505051 -2.00628  0 
-0.0280876 -2.0035  0 
 0.0119925 -1.9985  0 
 0.0505051 -1.99366  0 
 0.0517725 -1.9935  0 
 0.0912533 -1.98849  0 
 0.130435 -1.98349  0 
 0.151515 -1.98078  0 
 0.16932 -1.97849  0 
 0.207907 -1.97349  0 
 0.246198 -1.96848  0 
 0.252525 -1.96765  0 
 0.284193 -1.96348  0 
 0.321894 -1.95848  0 
 0.353535 -1.95425  0 
 0.3593 -1.95348  0 
 0.396413 -1.94847  0 
 0.433234 -1.94347  0 
 0.454545 -1.94055  0 
 0.469763 -1.93847  0 
 0.506001 -1.93347  0 
 0.541948 -1.92846  0 
 0.555556 -1.92656  0 
 0.577606 -1.92346  0 
 0.612975 -1.91846  0 
 0.648056 -1.91346  0 
 0.656566 -1.91223  0 
 0.68285 -1.90845  0 
 0.717357 -1.90345  0 
 0.751578 -1.89845  0 
 0.757576 -1.89757  0 
 0.785514 -1.89345  0 
 0.819166 -1.88844  0 
 0.852535 -1.88344  0 
 0.858586 -1.88253  0 
 0.88562 -1.87844  0 
 0.918424 -1.87344  0 
 0.950946 -1.86843  0 
 0.959596 -1.86709  0 
 0.983188 -1.86343  0 
 1.01515 -1.85843  0 
 1.04683 -1.85343  0 
 1.06061 -1.85123  0 
 1.07824 -1.84842  0 
 1.10936 -1.84342  0 
 1.14021 -1.83842  0 
 1.16162 -1.83492  0 
 1.17079 -1.83342  0 
 1.20109 -1.82841  0 
 1.23111 -1.82341  0 
 1.26086 -1.81841  0 
 1.26263 -1.81811  0 
 1.29034 -1.81341  0 
 1.31955 -1.8084  0 
 1.34848 -1.8034  0 
 1.36364 -1.80076  0 
 1.37714 -1.7984  0 
 1.40554 -1.7934  0 

-5 -2.45668  0 
-4.95843 -2.45373  0 
-4.89899 -2.44949  0 
-4.88827 -2.44872  0 
-4.81847 -2.44372  0 
-4.79798 -2.44225  0 
-4.74905 -2.43872  0 
-4.69697 -2.43495  0 
-4.67998 -2.43372  0 
-4.61129 -2.42871  0 
-4.59596 -2.42759  0 
-4.54295 -2.42371  0 
-4.49495 -2.42018  0 
-4.47499 -2.41871  0 
-4.40738 -2.41371  0 
-4.39394 -2.41271  0 
-4.34014 -2.4087  0 
-4.29293 -2.40517  0 
-4.27326 -2.4037  0 
-4.20674 -2.3987  0 
-4.19192 -2.39758  0 
-4.14058 -2.3937  0 
-4.09091 -2.38992  0 
-4.07478 -2.38869  0 
-4.00934 -2.38369  0 
-3.9899 -2.3822  0 
-3.94425 -2.37869  0 
-3.88889 -2.37441  0 
-3.87953 -2.37369  0 
-3.81516 -2.36868  0 
-3.78788 -2.36655  0 
-3.75114 -2.36368  0 
-3.68748 -2.35868  0 
-3.68687 -2.35863  0 
-3.62418 -2.35368  0 
-3.58586 -2.35063  0 
-3.56123 -2.34867  0 
-3.49863 -2.34367  0 
-3.48485 -2.34256  0 
-3.43638 -2.33867  0 
-3.38384 -2.33442  0 
-3.37448 -2.33367  0 
-3.31294 -2.32866  0 
-3.28283 -2.3262  0 
-3.25174 -2.32366  0 
-3.1909 -2.31866  0 
-3.18182 -2.31791  0 
-3.1304 -2.31366  0 
-3.08081 -2.30953  0 
-3.07024 -2.30865  0 
-3.01044 -2.30365  0 
-2.9798 -2.30107  0 
-2.95098 -2.29865  0 
-2.89187 -2.29365  0 
-2.87879 -2.29253  0 
-2.8331 -2.28864  0 
-2.77778 -2.28391  0 
-2.77467 -2.28364  0 
-2.71659 -2.27864  0 
-2.67677 -2.27519  0 
-2.65885 -2.27364  0 
-2.60145 -2.26863  0 
-2.57576 -2.26638  0 
-2.54439 -2.26363  0 
-2.48767 -2.25863  0 
-2.47475 -2.25748  0 
-2.43129 -2.25363  0 
-2.37525 -2.24862  0 
-2.37374 -2.24849  0 
-2.31954 -2.24362  0 
-2.27273 -2.23939  0 
-2.26418 -2.23862  0 
-2.20915 -2.23362  0 
-2.17172 -2.23019  0 
-2.15445 -2.22861  0 
-2.10009 -2.22361  0 
-2.07071 -2.22089  0 
-2.04606 -2.21861  0 
-1.99237 -2.21361  0 
-1.9697 -2.21148  0 
-1.93901 -2.2086  0 
-1.88598 -2.2036  0 
-1.86869 -2.20196  0 
-1.83328 -2.1986  0 
-1.78091 -2.1936  0 
-1.76768 -2.19232  0 
-1.72887 -2.18859  0 
-1.67716 -2.18359  0 
-1.66667 -2.18257  0 
-1.62578 -2.17859  0 
-1.57472 -2.17359  0 
-1.56566 -2.17269  0 
-1.52399 -2.16858  0 
-1.47359 -2.16358  0 
-1.46465 -2.16269  0 
-1.42351 -2.15858  0 
-1.37375 -2.15358  0 
-1.36364 -2.15255  0 
-1.32432 -2.14857  0 

